1.00000000e+00 -3.84136587e-18 5.82219139e-17 5.55111512e-17 1.55534241e-18 1.00000000e+00 -4.76390200e-18 0.00000000e+00 3.52447132e-17 -6.47700059e-18 1.00000000e+00 0.00000000e+00
9.99997887e-01 5.07072124e-04 -1.99223135e-03 -4.42318285e-02 -5.09291679e-04 9.99999250e-01 -1.11375148e-03 -2.68453814e-02 1.99166477e-03 1.11476355e-03 9.99997395e-01 8.27825451e-01
9.99991552e-01 1.00959957e-03 -3.98459028e-03 -8.84617914e-02 -1.01848036e-03 9.99997001e-01 -2.22737866e-03 -5.36894635e-02 3.98232891e-03 2.23141766e-03 9.99989581e-01 1.65564353e+00
9.99981001e-01 1.50757648e-03 -5.97706110e-03 -1.32689867e-01 -1.52756400e-03 9.99993253e-01 -3.34088043e-03 -8.05322447e-02 5.97198314e-03 3.34994668e-03 9.99976556e-01 2.48345424e+00
9.99966240e-01 2.00099701e-03 -7.96962807e-03 -1.76916031e-01 -2.03654056e-03 9.99988006e-01 -4.45425567e-03 -1.07373724e-01 7.96061821e-03 4.47033495e-03 9.99958321e-01 3.31125760e+00
9.99947275e-01 2.48985541e-03 -9.96227550e-03 -2.21140261e-01 -2.54540800e-03 9.99981262e-01 -5.56750328e-03 -1.34213899e-01 9.94822489e-03 5.59256676e-03 9.99934876e-01 4.13905362e+00
9.99924114e-01 2.97414595e-03 -1.19549877e-02 -2.65362532e-01 -3.05416427e-03 9.99973020e-01 -6.68062214e-03 -1.61052769e-01 1.19347940e-02 6.71662643e-03 9.99906219e-01 4.96684229e+00
9.99896760e-01 3.45386298e-03 -1.39477489e-02 -3.09582822e-01 -3.56280736e-03 9.99963282e-01 -7.79361114e-03 -1.87890332e-01 1.39203164e-02 7.84249823e-03 9.99872352e-01 5.79462364e+00
9.99865222e-01 3.92900088e-03 -1.59405434e-02 -3.53801106e-01 -4.07133521e-03 9.99952048e-01 -8.90646918e-03 -2.14726588e-01 1.59047828e-02 8.97016643e-03 9.99833273e-01 6.62239767e+00
9.99829505e-01 4.39955411e-03 -1.79333555e-02 -3.98017362e-01 -4.57974581e-03 9.99939319e-01 -1.00191952e-02 -2.41561534e-01 1.78881843e-02 1.00996153e-02 9.99788983e-01 7.45016438e+00
9.99789615e-01 4.86551717e-03 -1.99261695e-02 -4.42231566e-01 -5.08803710e-03 9.99925095e-01 -1.11317880e-02 -2.68395169e-01 1.98705117e-02 1.12308290e-02 9.99739482e-01 8.27792380e+00
9.99745559e-01 5.32688459e-03 -2.19189696e-02 -4.86443694e-01 -5.59620708e-03 9.99909376e-01 -1.22442465e-02 -2.95227491e-01 2.18517559e-02 1.23637919e-02 9.99684769e-01 9.10567592e+00
9.99697343e-01 5.78365101e-03 -2.39117402e-02 -5.30653723e-01 -6.10425369e-03 9.99892164e-01 -1.33565697e-02 -3.22058500e-01 2.38319080e-02 1.34984881e-02 9.99624845e-01 9.93342076e+00
9.99644974e-01 6.23581106e-03 -2.59044655e-02 -5.74861632e-01 -6.61217493e-03 9.99873459e-01 -1.44687564e-02 -3.48888194e-01 2.58109588e-02 1.46349018e-02 9.99559710e-01 1.07611583e+01
9.99588457e-01 6.68335948e-03 -2.78971299e-02 -6.19067394e-01 -7.11996875e-03 9.99853262e-01 -1.55808055e-02 -3.75716571e-01 2.77888995e-02 1.57730171e-02 9.99489364e-01 1.15888886e+01
9.99543788e-01 5.39575142e-03 -2.97170388e-02 -6.62253121e-01 -5.85949808e-03 9.99862070e-01 -1.55405024e-02 -4.00904577e-01 2.96290823e-02 1.57075367e-02 9.99437537e-01 1.24137771e+01
9.99463007e-01 7.56460052e-03 -3.18822128e-02 -7.07472390e-01 -8.13516609e-03 9.99808391e-01 -1.78044867e-02 -4.29369370e-01 3.17414147e-02 1.80542896e-02 9.99333040e-01 1.32443274e+01
9.99404770e-01 8.30252629e-03 -3.34839333e-02 -7.53967684e-01 -8.98695301e-03 9.99752688e-01 -2.03420157e-02 -4.57802470e-01 3.33067566e-02 2.06308222e-02 9.99232220e-01 1.40823759e+01
9.99292612e-01 1.21141654e-02 -3.56022829e-02 -8.11550891e-01 -1.29139451e-02 9.99667450e-01 -2.23208417e-02 -4.90527605e-01 3.53200391e-02 2.27648139e-02 9.99116739e-01 1.50152137e+01
9.99230998e-01 1.32526499e-02 -3.69023155e-02 -8.61305438e-01 -1.40706379e-02 9.99659049e-01 -2.19955325e-02 -5.19849966e-01 3.65982284e-02 2.24978528e-02 9.99076782e-01 1.58739166e+01
9.99176611e-01 1.30033079e-02 -3.84319565e-02 -9.12108584e-01 -1.37925661e-02 9.99697914e-01 -2.03432162e-02 -5.50082782e-01 3.81558113e-02 2.08565373e-02 9.99054122e-01 1.67409135e+01
9.99111305e-01 1.32305047e-02 -4.00194292e-02 -9.64819161e-01 -1.39911541e-02 9.99725610e-01 -1.87870176e-02 -5.82221392e-01 3.97598799e-02 1.93302361e-02 9.99022269e-01 1.77008032e+01
9.99071670e-01 1.27685459e-02 -4.11431920e-02 -1.01655127e+00 -1.35306864e-02 9.99740997e-01 -1.82991772e-02 -6.10102125e-01 4.08988750e-02 1.88388818e-02 9.98985675e-01 1.85794794e+01
9.98992247e-01 1.29111013e-02 -4.29859873e-02 -1.07109516e+00 -1.37375089e-02 9.99725379e-01 -1.89854691e-02 -6.41251289e-01 4.27290520e-02 1.95568533e-02 9.98895268e-01 1.95496686e+01
9.98967484e-01 1.12513894e-02 -4.40155880e-02 -1.12138763e+00 -1.21466511e-02 9.99723676e-01 -2.01253485e-02 -6.70081164e-01 4.37769800e-02 2.06392070e-02 9.98828113e-01 2.04345589e+01
9.98937088e-01 1.09616889e-02 -4.47720450e-02 -1.17066644e+00 -1.18071596e-02 9.99756106e-01 -1.86632988e-02 -6.97990851e-01 4.45565367e-02 1.91720885e-02 9.98822880e-01 2.13261298e+01
9.98917149e-01 1.27359003e-02 -4.47473688e-02 -1.22927471e+00 -1.33971105e-02 9.99805001e-01 -1.45078141e-02 -7.30976151e-01 4.45538656e-02 1.50915870e-02 9.98892986e-01 2.23150264e+01
9.98943411e-01 1.35100601e-02 -4.39265438e-02 -1.28040830e+00 -1.40032852e-02 9.99842098e-01 -1.09401372e-02 -7.61807420e-01 4.37717985e-02 1.15436919e-02 9.98974861e-01 2.32183299e+01
9.99016546e-01 1.25709016e-02 -4.25195624e-02 -1.32842608e+00 -1.29397140e-02 9.99880912e-01 -8.40986213e-03 -7.88320548e-01 4.24087721e-02 8.95178086e-03 9.99060239e-01 2.41269054e+01
9.99083240e-01 1.23670651e-02 -4.09845782e-02 -1.38122802e+00 -1.26740100e-02 9.99893485e-01 -7.23791749e-03 -8.13881718e-01 4.08906941e-02 7.75071971e-03 9.99133563e-01 2.51300425e+01
9.99125456e-01 1.25933697e-02 -3.98714192e-02 -1.42872106e+00 -1.29888280e-02 9.99868835e-01 -9.67486567e-03 -8.36955731e-01 3.97443436e-02 1.01842858e-02 9.99157979e-01 2.60433526e+01
9.99149693e-01 1.35968012e-02 -3.89232414e-02 -1.48153126e+00 -1.41975704e-02 9.99783669e-01 -1.52001269e-02 -8.64929071e-01 3.87081415e-02 1.57398148e-02 9.99126587e-01 2.70538837e+01
9.99202809e-01 1.29049594e-02 -3.77784118e-02 -1.52724674e+00 -1.36135078e-02 9.99735090e-01 -1.85585979e-02 -8.91666206e-01 3.75288998e-02 1.90580964e-02 9.99113792e-01 2.79789098e+01
9.99257553e-01 1.05563316e-02 -3.70527536e-02 -1.57130386e+00 -1.12101733e-02 9.99784314e-01 -1.74830596e-02 -9.20207305e-01 3.68601987e-02 1.78854439e-02 9.99160366e-01 2.89132844e+01
9.99268327e-01 8.68086687e-03 -3.72485257e-02 -1.62063409e+00 -9.14536724e-03 9.99882307e-01 -1.23180860e-02 -9.49552974e-01 3.71372040e-02 1.26497224e-02 9.99230110e-01 2.99493700e+01
9.99257706e-01 5.53724243e-03 -3.81231756e-02 -1.66572423e+00 -5.86193802e-03 9.99947449e-01 -8.41050748e-03 -9.75880155e-01 3.80745948e-02 8.62773861e-03 9.99237653e-01 3.08937436e+01
9.99231552e-01 -2.02830179e-03 -3.91432144e-02 -1.70300965e+00 1.69102339e-03 9.99961178e-01 -8.64771244e-03 -9.99019105e-01 3.91592284e-02 8.57487355e-03 9.99196190e-01 3.18382317e+01
9.99152023e-01 -5.15688935e-03 -4.08490124e-02 -1.75174179e+00 4.63611575e-03 9.99906903e-01 -1.28332375e-02 -1.02334421e+00 4.09113822e-02 1.26329722e-02 9.99082913e-01 3.28776721e+01
9.99094223e-01 -4.36082368e-03 -4.23286716e-02 -1.80349703e+00 3.63999005e-03 9.99847302e-01 -1.70916073e-02 -1.04987540e+00 4.23967345e-02 1.69220471e-02 9.98957537e-01 3.38269915e+01
9.99015824e-01 -3.77839765e-03 -4.41939790e-02 -1.85919770e+00 2.96445373e-03 9.99825046e-01 -1.84685949e-02 -1.08869149e+00 4.42560214e-02 1.83194042e-02 9.98852243e-01 3.48008288e+01
9.98965051e-01 -3.78822735e-03 -4.53263377e-02 -1.92570163e+00 3.05723113e-03 9.99864326e-01 -1.61858786e-02 -1.15632964e+00 4.53814963e-02 1.60305510e-02 9.98841099e-01 3.59201086e+01
9.98926997e-01 -5.27117110e-04 -4.63095780e-02 -1.98956380e+00 -8.09707744e-05 9.99913820e-01 -1.31280777e-02 -1.20911798e+00 4.63124993e-02 1.31177386e-02 9.98840867e-01 3.69251761e+01
9.98863263e-01 -2.46002454e-04 -4.76667704e-02 -2.05797717e+00 -3.27482937e-04 9.99927668e-01 -1.20229560e-02 -1.26642700e+00 4.76662723e-02 1.20248970e-02 9.98790933e-01 3.80306370e+01
9.98817304e-01 5.89726982e-04 -4.86173392e-02 -2.11849052e+00 -1.06698954e-03 9.99951494e-01 -9.79134934e-03 -1.30828226e+00 4.86091986e-02 9.83164167e-03 9.98769485e-01 3.90254356e+01
9.98815504e-01 3.31505070e-05 -4.86578792e-02 -2.17996048e+00 -3.27362554e-04 9.99981714e-01 -6.03859005e-03 -1.35031850e+00 4.86567811e-02 6.04736518e-03 9.98797250e-01 4.00251184e+01
9.98773494e-01 6.18821143e-03 -4.91244719e-02 -2.25681341e+00 -6.40520394e-03 9.99970408e-01 -4.26100334e-03 -1.38543268e+00 4.90966420e-02 4.57042880e-03 9.98783575e-01 4.11092259e+01
9.98774603e-01 6.65920861e-03 -4.90402626e-02 -2.32300509e+00 -6.86161929e-03 9.99968617e-01 -3.96024338e-03 -1.41755214e+00 4.90123432e-02 4.29188552e-03 9.98788951e-01 4.20955255e+01
9.98768871e-01 6.29793742e-03 -4.92044601e-02 -2.38484953e+00 -6.58335315e-03 9.99962420e-01 -5.64069572e-03 -1.44450996e+00 4.91670780e-02 5.95768071e-03 9.98772799e-01 4.30703170e+01
9.98761051e-01 8.69093434e-03 -4.89982774e-02 -2.45848166e+00 -9.12120015e-03 9.99921724e-01 -8.56449104e-03 -1.47934441e+00 4.89200003e-02 9.00080166e-03 9.98762143e-01 4.41376600e+01
9.98716037e-01 8.54546265e-03 -4.99324763e-02 -2.51917652e+00 -8.99006111e-03 9.99921861e-01 -8.68619461e-03 -1.51446304e+00 4.98543387e-02 9.12393634e-03 9.98714823e-01 4.51024199e+01
9.98666253e-01 6.56225529e-03 -5.12118390e-02 -2.57745714e+00 -6.93795387e-03 9.99950285e-01 -7.16184592e-03 -1.54641387e+00 5.11622866e-02 7.50759799e-03 9.98662133e-01 4.60666011e+01
9.98617492e-01 6.80846715e-03 -5.21224434e-02 -2.64741327e+00 -7.13739405e-03 9.99955757e-01 -6.12712192e-03 -1.58399391e+00 5.20784123e-02 6.49066853e-03 9.98621905e-01 4.71222417e+01
9.98581550e-01 9.53222768e-03 -5.23834518e-02 -2.71561925e+00 -9.97259242e-03 9.99917046e-01 -8.15161521e-03 -1.61689014e+00 5.23013945e-02 8.66244993e-03 9.98593774e-01 4.80728854e+01
9.98533623e-01 9.97205182e-03 -5.32086617e-02 -2.78919975e+00 -1.07167187e-02 9.99848331e-01 -1.37283011e-02 -1.65133323e+00 5.30636834e-02 1.42783900e-02 9.98489045e-01 4.91120684e+01
9.98505309e-01 1.03666969e-02 -5.36626564e-02 -2.85215612e+00 -1.11586912e-02 9.99832889e-01 -1.44802349e-02 -1.68095236e+00 5.35035676e-02 1.50573937e-02 9.98454126e-01 5.00567505e+01
9.98494101e-01 1.00705928e-02 -5.39269242e-02 -2.91333455e+00 -1.06963225e-02 9.99878634e-01 -1.13272585e-02 -1.71692934e+00 5.38062980e-02 1.18870185e-02 9.98480636e-01 5.10031763e+01
9.98502012e-01 7.24357029e-03 -5.42334075e-02 -2.97933681e+00 -7.69416406e-03 9.99937559e-01 -8.10423454e-03 -1.75043438e+00 5.41713084e-02 8.50937384e-03 9.98495398e-01 5.20386199e+01
9.98495015e-01 6.08133039e-03 -5.45043403e-02 -3.04032313e+00 -6.48652784e-03 9.99952605e-01 -7.26040394e-03 -1.77982043e+00 5.44575950e-02 7.60301984e-03 9.98487138e-01 5.29745556e+01
9.98499402e-01 3.13286548e-03 -5.46729309e-02 -3.09865280e+00 -3.57970841e-03 9.99960973e-01 -8.07700503e-03 -1.80663375e+00 5.46454839e-02 8.26059649e-03 9.98471649e-01 5.39053044e+01
9.98471185e-01 -4.59507258e-04 -5.52727940e-02 -3.15822935e+00 -8.84690856e-05 9.99950879e-01 -9.91118113e-03 -1.83571967e+00 5.52746239e-02 9.90091704e-03 9.98422099e-01 5.49261568e+01
9.98404285e-01 -1.83716844e-03 -5.64403185e-02 -3.21717438e+00 1.32687635e-03 9.99957919e-01 -9.07741632e-03 -1.86161070e+00 5.64546107e-02 8.98804054e-03 9.98364709e-01 5.58524461e+01
9.98329509e-01 -4.74620759e-03 -5.75818202e-02 -3.28047885e+00 4.49612523e-03 9.99979893e-01 -4.47186054e-03 -1.88654464e+00 5.76018771e-02 4.20549470e-03 9.98330775e-01 5.68722142e+01
9.98293595e-01 -6.25446359e-03 -5.80584237e-02 -3.34439882e+00 6.31450028e-03 9.99979702e-01 8.50666610e-04 -1.90380259e+00 5.80519149e-02 -1.21582448e-03 9.98312825e-01 5.77978863e+01
9.98272524e-01 -4.75204127e-03 -5.85609607e-02 -3.41323905e+00 4.93124831e-03 9.99983590e-01 2.91604310e-03 -1.92166352e+00 5.85461326e-02 -3.19978348e-03 9.98279576e-01 5.87164606e+01
9.98183545e-01 -3.18145229e-03 -6.01621874e-02 -3.48385021e+00 3.20468547e-03 9.99994823e-01 2.89689764e-04 -1.94456499e+00 6.01609442e-02 -4.81964094e-04 9.98188573e-01 5.97138254e+01
9.98097087e-01 -2.05467001e-03 -6.16277802e-02 -3.54311874e+00 1.57125480e-03 9.99967627e-01 -7.89155206e-03 -1.96654870e+00 6.16419893e-02 7.77970096e-03 9.98068004e-01 6.06050402e+01
9.98031787e-01 -1.44044102e-03 -6.26935292e-02 -3.60111090e+00 5.87848852e-04 9.99907129e-01 -1.36156898e-02 -1.99258526e+00 6.27073089e-02 1.35520345e-02 9.97939946e-01 6.14887168e+01
9.97939994e-01 3.99754148e-03 -6.40295951e-02 -3.67700975e+00 -4.82354375e-03 9.99907069e-01 -1.27509371e-02 -2.02284698e+00 6.39726616e-02 1.30335174e-02 9.97866537e-01 6.24553515e+01
9.97870985e-01 7.16964525e-03 -6.48235692e-02 -3.74144524e+00 -7.82969936e-03 9.99920002e-01 -9.93401195e-03 -2.05507168e+00 6.47471492e-02 1.04204096e-02 9.97847293e-01 6.33219792e+01
9.97761838e-01 9.96045914e-03 -6.61219004e-02 -3.80684088e+00 -1.05195872e-02 9.99911753e-01 -8.11323377e-03 -2.08685848e+00 6.60352427e-02 8.79064874e-03 9.97778568e-01 6.41745455e+01
9.97672269e-01 1.00764242e-02 -6.74426483e-02 -3.87536916e+00 -1.07086257e-02 9.99901987e-01 -9.01895489e-03 -2.11646166e+00 6.73451479e-02 9.72017770e-03 9.97682388e-01 6.50956780e+01
9.97549449e-01 1.15187202e-02 -6.90102704e-02 -3.94043256e+00 -1.21097712e-02 9.99893440e-01 -8.15244873e-03 -2.14251721e+00 6.89089992e-02 8.96816790e-03 9.97582639e-01 6.59213447e+01
9.97422684e-01 1.28858993e-02 -7.05828920e-02 -4.01124079e+00 -1.34440855e-02 9.99881953e-01 -7.43887900e-03 -2.17308517e+00 7.04786914e-02 8.36862780e-03 9.97478180e-01 6.68152611e+01
9.97314556e-01 1.26748714e-02 -7.21319991e-02 -4.07358801e+00 -1.31744422e-02 9.99892383e-01 -6.45421458e-03 -2.19916406e+00 7.20424180e-02 7.38717991e-03 9.97374212e-01 6.76155344e+01
9.97218812e-01 1.22042092e-02 -7.35234586e-02 -4.13511883e+00 -1.26643146e-02 9.99903012e-01 -5.79498140e-03 -2.22273861e+00 7.34455922e-02 6.70998772e-03 9.97276652e-01 6.84038044e+01
9.97079097e-01 1.46636429e-02 -7.49550007e-02 -4.20650887e+00 -1.49567036e-02 9.99882530e-01 -3.34995541e-03 -2.24815778e+00 7.48970606e-02 4.46124972e-03 9.97181291e-01 6.92574100e+01
9.96972827e-01 1.64624293e-02 -7.59879700e-02 -4.27210313e+00 -1.64210496e-02 9.99864482e-01 1.16937440e-03 -2.26852302e+00 7.59969101e-02 8.19680511e-05 9.97108049e-01 7.00233350e+01
9.96793651e-01 1.88673416e-02 -7.77588756e-02 -4.33227862e+00 -1.86857009e-02 9.99820715e-01 3.06294840e-03 -2.29298691e+00 7.78027111e-02 -1.60014777e-03 9.96967490e-01 7.07727012e+01
9.96594157e-01 2.20381347e-02 -7.94632480e-02 -4.40480790e+00 -2.21425688e-02 9.99754729e-01 -4.33216993e-04 -2.32083931e+00 7.94341973e-02 2.19126190e-03 9.96837703e-01 7.15711131e+01
9.96474760e-01 2.25702857e-02 -8.07999800e-02 -4.46692657e+00 -2.32691466e-02 9.99699444e-01 -7.71800678e-03 -2.34708635e+00 8.06014839e-02 9.57094405e-03 9.96700455e-01 7.22751855e+01
9.96357905e-01 2.14022096e-02 -8.25401183e-02 -4.53416044e+00 -2.26006457e-02 9.99651896e-01 -1.36124385e-02 -2.37144588e+00 8.22200356e-02 1.54283181e-02 9.96494772e-01 7.30310609e+01
9.96307068e-01 2.21132804e-02 -8.29652344e-02 -4.59623453e+00 -2.34885629e-02 9.99601803e-01 -1.56372251e-02 -2.39666791e+00 8.25863937e-02 1.75282090e-02 9.96429751e-01 7.37012035e+01
9.96196688e-01 2.44990855e-02 -8.36179090e-02 -4.65951366e+00 -2.56170086e-02 9.99595879e-01 -1.23226467e-02 -2.42583091e+00 8.32822097e-02 1.44178181e-02 9.96421697e-01 7.43545076e+01
9.96059452e-01 2.56693503e-02 -8.48920111e-02 -4.72396554e+00 -2.65167752e-02 9.99609018e-01 -8.86974035e-03 -2.46305124e+00 8.46311251e-02 1.10858493e-02 9.96350679e-01 7.50495165e+01
9.96016172e-01 2.26319469e-02 -8.62530105e-02 -4.77561193e+00 -2.37443998e-02 9.99647313e-01 -1.18933939e-02 -2.49224563e+00 8.59534050e-02 1.38940363e-02 9.96202272e-01 7.56572698e+01
9.96144658e-01 1.49158121e-02 -8.64484892e-02 -4.81896225e+00 -1.64102877e-02 9.99727490e-01 -1.66026387e-02 -2.51957843e+00 8.61772748e-02 1.79572713e-02 9.96117971e-01 7.62482397e+01
9.96274444e-01 1.02127600e-02 -8.56325475e-02 -4.86953759e+00 -1.21872347e-02 9.99671057e-01 -2.25665366e-02 -2.55234501e+00 8.53738983e-02 2.35260835e-02 9.96071192e-01 7.68789268e+01
9.96496709e-01 1.17893016e-02 -8.27968766e-02 -4.92018656e+00 -1.37483345e-02 9.99637915e-01 -2.31305510e-02 -2.58027490e+00 8.24941902e-02 2.41878328e-02 9.96297975e-01 7.74399176e+01
9.96720155e-01 1.74841933e-02 -7.90141510e-02 -4.97180026e+00 -1.91275541e-02 9.99615201e-01 -2.00894810e-02 -2.60859567e+00 7.86324849e-02 2.15349343e-02 9.96671048e-01 7.79882500e+01
9.97111743e-01 1.63045260e-02 -7.41777354e-02 -5.01445105e+00 -1.75994571e-02 9.99703342e-01 -1.68370749e-02 -2.63601925e+00 7.38811971e-02 1.80939298e-02 9.97102892e-01 7.85772570e+01
9.97536071e-01 1.19718647e-02 -6.91264203e-02 -5.03893646e+00 -1.29062312e-02 9.99831079e-01 -1.30860057e-02 -2.66202109e+00 6.89580679e-02 1.39459219e-02 9.97522078e-01 7.91007746e+01
9.98123015e-01 7.70897019e-03 -6.07537535e-02 -5.06331990e+00 -8.25172726e-03 9.99928212e-01 -8.68789242e-03 -2.69072472e+00 6.06824072e-02 9.17290729e-03 9.98114975e-01 7.96629746e+01
9.98661587e-01 1.04201608e-02 -5.06602052e-02 -5.08677303e+00 -1.09122649e-02 9.99895833e-01 -9.44694773e-03 -2.71283941e+00 5.05564809e-02 9.98711970e-03 9.98671267e-01 8.01563251e+01
9.99210381e-01 1.57883214e-02 -3.64601766e-02 -5.11255030e+00 -1.61610756e-02 9.99819876e-01 -9.95158777e-03 -2.73358451e+00 3.62964843e-02 1.05329636e-02 9.99285556e-01 8.06378300e+01
9.99626141e-01 2.10463002e-02 -1.74537308e-02 -5.12582761e+00 -2.12148425e-02 9.99729535e-01 -9.52820896e-03 -2.75467220e+00 1.72484738e-02 9.89492309e-03 9.99802271e-01 8.11552151e+01
9.99800817e-01 1.96860545e-02 3.28405683e-03 -5.11382076e+00 -1.96547433e-02 9.99763491e-01 -9.30877873e-03 -2.77139137e+00 -3.46653263e-03 9.24237551e-03 9.99951280e-01 8.16113866e+01
9.99414967e-01 1.58323326e-02 3.03160063e-02 -5.08154230e+00 -1.55817382e-02 9.99842598e-01 -8.48458129e-03 -2.79176094e+00 -3.04455600e-02 8.00723980e-03 9.99504353e-01 8.20989894e+01
9.98199141e-01 1.44282031e-02 5.82263101e-02 -5.03855811e+00 -1.40339564e-02 9.99875782e-01 -7.17421460e-03 -2.80936408e+00 -5.83225785e-02 6.34414789e-03 9.98277631e-01 8.25332208e+01
9.95903205e-01 1.39146843e-02 8.93486960e-02 -4.98273378e+00 -1.34422719e-02 9.99892319e-01 -5.88687700e-03 -2.82615563e+00 -8.94209738e-02 4.66170894e-03 9.95983010e-01 8.29607010e+01
9.91691662e-01 1.35998907e-02 1.27916744e-01 -4.90119588e+00 -1.30274928e-02 9.99901037e-01 -5.31040232e-03 -2.84291814e+00 -1.27976284e-01 3.59984601e-03 9.91770694e-01 8.34205977e+01
9.85853962e-01 1.36062527e-02 1.67053406e-01 -4.80953974e+00 -1.28466093e-02 9.99901645e-01 -5.62714934e-03 -2.85628584e+00 -1.67113512e-01 3.40147628e-03 9.85931793e-01 8.38292741e+01
9.77735558e-01 1.30884185e-02 2.09432280e-01 -4.69688440e+00 -1.21472996e-02 9.99909517e-01 -5.77937760e-03 -2.87161157e+00 -2.09488937e-01 3.10666485e-03 9.77806078e-01 8.42256296e+01
9.65572912e-01 1.50788389e-02 2.59695189e-01 -4.55172164e+00 -1.35243273e-02 9.99878339e-01 -7.77173179e-03 -2.89174747e+00 -2.59780739e-01 3.99196913e-03 9.65659371e-01 8.46447787e+01
9.50851228e-01 1.57868086e-02 3.09245429e-01 -4.39658005e+00 -1.31493939e-02 9.99857239e-01 -1.06111154e-02 -2.90948109e+00 -3.09368744e-01 6.02319976e-03 9.50923070e-01 8.50074247e+01
9.30259721e-01 1.57150644e-02 3.66565016e-01 -4.20216431e+00 -1.18277795e-02 9.99847500e-01 -1.28483696e-02 -2.92464544e+00 -3.66710966e-01 7.61666762e-03 9.30303731e-01 8.53883374e+01
9.07354151e-01 1.61365911e-02 4.20057239e-01 -4.00368254e+00 -1.09608804e-02 9.99831393e-01 -1.47324499e-02 -2.93551775e+00 -4.20224075e-01 8.76334907e-03 9.07378037e-01 8.57147972e+01
8.80269318e-01 1.63293244e-02 4.74193335e-01 -3.78652397e+00 -9.43534088e-03 9.99812424e-01 -1.69142466e-02 -2.94591299e+00 -4.74380505e-01 1.04149126e-02 8.80258274e-01 8.60222814e+01
8.45955835e-01 1.43436483e-02 5.33060064e-01 -3.52423220e+00 -4.98988020e-03 9.99807334e-01 -1.89841078e-02 -2.95941977e+00 -5.33229572e-01 1.33998062e-02 8.45864422e-01 8.63358494e+01
8.11455115e-01 1.37679400e-02 5.84252597e-01 -3.27114439e+00 -2.71913881e-03 9.99800584e-01 -1.97838042e-02 -2.97548773e+00 -5.84408371e-01 1.44650001e-02 8.11330736e-01 8.66016580e+01
7.70195411e-01 1.18334939e-02 6.37698256e-01 -2.97587682e+00 -2.67155666e-04 9.99833769e-01 -1.82308300e-02 -2.99157837e+00 -6.37807877e-01 1.38709317e-02 7.70070543e-01 8.68766087e+01
7.30031502e-01 1.11096479e-02 6.83323247e-01 -2.68903389e+00 -4.63899826e-04 9.99875686e-01 -1.57606363e-02 -3.00198913e+00 -6.83413280e-01 1.11887626e-02 7.29945904e-01 8.71098488e+01
6.87720359e-01 9.79654026e-03 7.25909652e-01 -2.39033249e+00 1.21285516e-03 9.99892048e-01 -1.46431334e-02 -3.01110667e+00 -7.25974619e-01 1.09507993e-02 6.87634238e-01 8.73231885e+01
6.39694170e-01 8.24953056e-03 7.68585332e-01 -2.04500627e+00 5.64672354e-03 9.99864979e-01 -1.54317247e-02 -3.02059285e+00 -7.68608732e-01 1.42115675e-02 6.39561216e-01 8.75315832e+01
5.95806882e-01 5.11839281e-03 8.03111492e-01 -1.72200723e+00 1.26527475e-02 9.99795766e-01 -1.57586417e-02 -3.03014907e+00 -8.03027993e-01 1.95506673e-02 5.95620438e-01 8.76995944e+01
5.47474106e-01 6.69921689e-03 8.36795878e-01 -1.36365230e+00 1.21136383e-02 9.99799735e-01 -1.59295523e-02 -3.04343639e+00 -8.36734871e-01 1.88576532e-02 5.47283316e-01 8.78729663e+01
5.02907985e-01 9.49370340e-03 8.64287888e-01 -1.02996321e+00 8.51272465e-03 9.99836776e-01 -1.59359823e-02 -3.05389968e+00 -8.64297961e-01 1.53717713e-02 5.02745082e-01 8.80205922e+01
4.60122382e-01 1.12481823e-02 8.87784323e-01 -6.87691324e-01 8.10489802e-03 9.99824869e-01 -1.68683574e-02 -3.06387468e+00 -8.87818434e-01 1.49569040e-02 4.59950636e-01 8.81519819e+01
4.16285310e-01 9.01442968e-03 9.09189430e-01 -3.03848250e-01 1.57910364e-02 9.99728356e-01 -1.71422622e-02 -3.07311625e+00 -9.09096828e-01 2.14931078e-02 4.16029883e-01 8.82693833e+01
3.79329835e-01 1.09666489e-03 9.25260945e-01 6.08473958e-02 3.12805597e-02 9.99412469e-01 -1.40086706e-02 -3.07636046e+00 -9.24732533e-01 3.42565770e-02 3.79072664e-01 8.83548395e+01
3.45889231e-01 -2.68878345e-03 9.38271580e-01 4.23067074e-01 3.71856498e-02 9.99249528e-01 -1.08447872e-02 -3.08205225e+00 -9.37538116e-01 3.86413227e-02 3.45729637e-01 8.84398797e+01
3.11653926e-01 1.02359950e-03 9.50195209e-01 8.20940049e-01 3.51932744e-02 9.99300846e-01 -1.26195246e-02 -3.09261545e+00 -9.49543633e-01 3.73733944e-02 3.11400009e-01 8.85415521e+01
2.82123875e-01 8.49499590e-03 9.59340455e-01 1.18331068e+00 2.43664614e-02 9.99574775e-01 -1.60169946e-02 -3.11049827e+00 -9.59068423e-01 2.78944999e-02 2.81796917e-01 8.86379892e+01
2.54793834e-01 1.29393032e-02 9.66908907e-01 1.55328366e+00 1.88548663e-02 9.99653899e-01 -1.83460260e-02 -3.13064840e+00 -9.66811480e-01 2.29053846e-02 2.54461682e-01 8.87196173e+01
2.28063071e-01 1.48888475e-02 9.73532597e-01 1.97654397e+00 2.04273108e-02 9.99589821e-01 -2.00727367e-02 -3.14742850e+00 -9.73431970e-01 2.44644947e-02 2.27665387e-01 8.87912346e+01
2.05650111e-01 1.55231120e-02 9.78502543e-01 2.37113336e+00 2.68567616e-02 9.99408074e-01 -2.14992060e-02 -3.15904304e+00 -9.78256911e-01 3.07007143e-02 2.05111483e-01 8.88406279e+01
1.86608287e-01 2.11899043e-02 9.82205934e-01 2.77782941e+00 3.56334083e-02 9.98963543e-01 -2.83213935e-02 -3.15705171e+00 -9.81787882e-01 4.02843406e-02 1.85659808e-01 8.88803591e+01
1.66117777e-01 2.95165860e-02 9.85664151e-01 3.23246822e+00 3.82672549e-02 9.98606050e-01 -3.63534819e-02 -3.15791542e+00 -9.85363048e-01 4.37576091e-02 1.64756700e-01 8.89309404e+01
1.49116812e-01 3.08598395e-02 9.88338004e-01 3.66380701e+00 3.60482948e-02 9.98678818e-01 -3.66215668e-02 -3.17105115e+00 -9.88162199e-01 4.10887797e-02 1.47807359e-01 8.89814214e+01
1.34158161e-01 2.60368739e-02 9.90617905e-01 4.11255593e+00 3.34671133e-02 9.98965469e-01 -3.07886972e-02 -3.19270169e+00 -9.90394555e-01 3.72836661e-02 1.33147992e-01 8.90278354e+01
1.18623938e-01 2.21441955e-02 9.92692380e-01 4.61650836e+00 3.38123367e-02 9.99081380e-01 -2.63272048e-02 -3.21643366e+00 -9.92363301e-01 3.66882752e-02 1.17766222e-01 8.90654466e+01
1.05677570e-01 1.99211693e-02 9.94200968e-01 5.08579520e+00 3.62000263e-02 9.99059535e-01 -2.38663760e-02 -3.23518000e+00 -9.93741235e-01 3.85122309e-02 1.04857039e-01 8.90911464e+01
9.31876246e-02 1.88791419e-02 9.95469644e-01 5.61480504e+00 4.04336586e-02 9.98923661e-01 -2.27297209e-02 -3.25198062e+00 -9.94827130e-01 4.23685968e-02 9.23239716e-02 8.91119312e+01
8.32624369e-02 1.94678053e-02 9.96337562e-01 6.11124506e+00 4.37276277e-02 9.98774780e-01 -2.31696885e-02 -3.26833509e+00 -9.95567724e-01 4.54966305e-02 8.23091424e-02 8.91282277e+01
7.50890268e-02 2.00824407e-02 9.96974674e-01 6.62225365e+00 4.59443885e-02 9.98665732e-01 -2.35769019e-02 -3.28561152e+00 -9.96117756e-01 4.75757458e-02 7.40661638e-02 8.91442179e+01
6.87284162e-02 2.03502469e-02 9.97427912e-01 7.20218875e+00 4.78781806e-02 9.98572623e-01 -2.36726886e-02 -3.30342994e+00 -9.96485784e-01 4.93820072e-02 6.76559834e-02 8.91611466e+01
6.31478011e-02 2.14601963e-02 9.97773513e-01 7.74675572e+00 4.93626898e-02 9.98477938e-01 -2.45994578e-02 -3.31794577e+00 -9.96782580e-01 5.08061729e-02 6.19923545e-02 8.91766906e+01
5.70364748e-02 2.24298680e-02 9.98120188e-01 8.30811991e+00 4.97289162e-02 9.98442796e-01 -2.52788314e-02 -3.33147200e+00 -9.97132743e-01 5.10772374e-02 5.58322456e-02 8.91918084e+01
5.21353876e-02 2.23946319e-02 9.98388977e-01 8.94859966e+00 5.23304015e-02 9.98313695e-01 -2.51256212e-02 -3.34918944e+00 -9.97267899e-01 5.35560163e-02 5.08755526e-02 8.92056012e+01
4.88091962e-02 2.22087138e-02 9.98561267e-01 9.54622933e+00 5.40055445e-02 9.98231596e-01 -2.48411566e-02 -3.36451048e+00 -9.97346928e-01 5.51403078e-02 4.75234894e-02 8.92108415e+01
4.54521728e-02 2.18555826e-02 9.98727491e-01 1.01619379e+01 5.50531552e-02 9.98186489e-01 -2.43492271e-02 -3.38170094e+00 -9.97448285e-01 5.60898107e-02 4.41665273e-02 8.92188638e+01
4.20976023e-02 2.12099155e-02 9.98888432e-01 1.08577223e+01 5.67459027e-02 9.98110041e-01 -2.35849219e-02 -3.39993721e+00 -9.97500640e-01 5.76756799e-02 4.08144650e-02 8.92211444e+01
4.08774617e-02 2.08677614e-02 9.98946314e-01 1.15059686e+01 6.12507606e-02 9.97849219e-01 -2.33512694e-02 -3.41665306e+00 -9.97284919e-01 6.21407468e-02 3.95113782e-02 8.92222662e+01
4.11566342e-02 2.04922825e-02 9.98942624e-01 1.22360687e+01 6.53907448e-02 9.97590962e-01 -2.31586757e-02 -3.43395820e+00 -9.97010539e-01 6.62747192e-02 3.97174819e-02 8.92204438e+01
4.29300145e-02 2.03321640e-02 9.98871256e-01 1.29183077e+01 6.71735392e-02 9.97471758e-01 -2.31907062e-02 -3.45130339e+00 -9.96817216e-01 6.80932783e-02 4.14556949e-02 8.92265273e+01
4.60305354e-02 2.05673839e-02 9.98728362e-01 1.36154808e+01 6.95434016e-02 9.97296336e-01 -2.37430988e-02 -3.47009768e+00 -9.96516301e-01 7.05478581e-02 4.44757598e-02 8.92366026e+01
5.00030840e-02 2.03490089e-02 9.98541826e-01 1.44008791e+01 7.03777586e-02 9.97235333e-01 -2.38466377e-02 -3.49177404e+00 -9.96266277e-01 7.14675239e-02 4.84327258e-02 8.92506435e+01
5.36428297e-02 1.85304064e-02 9.98388321e-01 1.51317185e+01 7.17394452e-02 9.97172692e-01 -2.23623722e-02 -3.51588373e+00 -9.95979785e-01 7.28233877e-02 5.21618051e-02 8.92727974e+01
5.73572123e-02 1.70978029e-02 9.98207385e-01 1.58754919e+01 7.17601841e-02 9.97196507e-01 -2.12038527e-02 -3.54090342e+00 -9.95771288e-01 7.28477222e-02 5.59694716e-02 8.92994732e+01
6.15364993e-02 1.48232121e-02 9.97994839e-01 1.67106264e+01 6.88606317e-02 9.97444180e-01 -1.90609978e-02 -3.56654494e+00 -9.95726521e-01 6.98954854e-02 6.03584887e-02 8.93390854e+01
6.53548373e-02 1.37336744e-02 9.97767658e-01 1.74764712e+01 6.78800390e-02 9.97527901e-01 -1.81765970e-02 -3.58926705e+00 -9.95550540e-01 6.89164194e-02 6.42610326e-02 8.93768953e+01
6.95372437e-02 1.47307203e-02 9.97470674e-01 1.83268685e+01 6.52254034e-02 9.97684264e-01 -1.92809790e-02 -3.61754555e+00 -9.95444650e-01 6.64011570e-02 6.84153979e-02 8.94247497e+01
7.27332735e-02 1.80129481e-02 9.97188835e-01 1.91021951e+01 6.31798994e-02 9.97745523e-01 -2.26312486e-02 -3.64674113e+00 -9.95348182e-01 6.46483192e-02 7.14312430e-02 8.94715286e+01
7.39586044e-02 2.41260076e-02 9.96969522e-01 1.98810186e+01 5.77102837e-02 9.97928473e-01 -2.84303698e-02 -3.67696686e+00 -9.95590016e-01 5.96380496e-02 7.24130798e-02 8.95232949e+01
7.35626981e-02 2.72627125e-02 9.96917971e-01 2.07437398e+01 5.49514934e-02 9.97996840e-01 -3.13471046e-02 -3.70959091e+00 -9.95775424e-01 5.70880945e-02 7.19172148e-02 8.95746933e+01
7.35807338e-02 2.73437621e-02 9.96914420e-01 2.15317706e+01 5.26130071e-02 9.98125577e-01 -3.12602789e-02 -3.74670663e+00 -9.95900386e-01 5.47508058e-02 7.20041761e-02 8.96216113e+01
7.33402620e-02 2.47329151e-02 9.97000329e-01 2.23215801e+01 4.97706934e-02 9.98356020e-01 -2.84277345e-02 -3.78653205e+00 -9.96064213e-01 5.17062818e-02 7.19887191e-02 8.96694470e+01
7.31897460e-02 2.40736208e-02 9.97027527e-01 2.31878137e+01 5.06315054e-02 9.98329804e-01 -2.78218300e-02 -3.82776494e+00 -9.96031899e-01 5.25172637e-02 7.18486224e-02 8.97161986e+01
7.32958997e-02 2.29878102e-02 9.97045355e-01 2.39761868e+01 4.84174041e-02 9.98473463e-01 -2.65800602e-02 -3.86597643e+00 -9.96134177e-01 5.02225442e-02 7.20710020e-02 8.97597473e+01
7.29180361e-02 2.29884971e-02 9.97073045e-01 2.47622017e+01 4.68267137e-02 9.98552856e-01 -2.64471610e-02 -3.90749808e+00 -9.96237949e-01 4.86181163e-02 7.17360388e-02 8.98006609e+01
7.29186483e-02 2.38995659e-02 9.97051578e-01 2.56248829e+01 4.41300681e-02 9.98656385e-01 -2.71654643e-02 -3.94934975e+00 -9.96360999e-01 4.59808107e-02 7.17659855e-02 8.98503435e+01
7.16109646e-02 2.51397475e-02 9.97115856e-01 2.64058720e+01 4.12511612e-02 9.98752362e-01 -2.81435981e-02 -3.98678516e+00 -9.96579171e-01 4.31475654e-02 7.04845775e-02 8.98942682e+01
6.85784303e-02 2.51773819e-02 9.97328063e-01 2.72659979e+01 3.82402768e-02 9.98880513e-01 -2.78460674e-02 -4.02823057e+00 -9.96912490e-01 4.00477296e-02 6.75388689e-02 8.99422240e+01
6.47089322e-02 2.39092729e-02 9.97617797e-01 2.80473803e+01 3.57296294e-02 9.99016410e-01 -2.62603496e-02 -4.06583300e+00 -9.97264248e-01 3.73437827e-02 6.37910171e-02 8.99812192e+01
5.99155469e-02 2.14911353e-02 9.97972157e-01 2.88300643e+01 3.37361280e-02 9.99153466e-01 -2.35420098e-02 -4.10425359e+00 -9.97633115e-01 3.50782387e-02 5.91397999e-02 9.00172669e+01
5.31391705e-02 1.90509560e-02 9.98405458e-01 2.96912111e+01 3.15815080e-02 9.99285796e-01 -2.07486584e-02 -4.14462409e+00 -9.98087506e-01 3.26337068e-02 5.24995617e-02 9.00486467e+01
4.58808843e-02 1.90340794e-02 9.98765646e-01 3.04683410e+01 3.10843479e-02 9.99307083e-01 -2.04723467e-02 -4.17974744e+00 -9.98463089e-01 3.19852586e-02 4.52574321e-02 9.00678140e+01
3.74126812e-02 2.00441851e-02 9.99098939e-01 3.12413453e+01 3.05376457e-02 9.99308939e-01 -2.11919328e-02 -4.21285443e+00 -9.98833107e-01 3.13029670e-02 3.67747258e-02 9.00804772e+01
2.67147408e-02 2.08454526e-02 9.99425814e-01 3.20903213e+01 3.11750891e-02 9.99278879e-01 -2.16757100e-02 -4.24819212e+00 -9.99156778e-01 3.17362403e-02 2.60456187e-02 9.00812533e+01
1.68411931e-02 2.00035493e-02 9.99658142e-01 3.28588773e+01 3.23312485e-02 9.99266122e-01 -2.05403969e-02 -4.28096730e+00 -9.99335227e-01 3.26661110e-02 1.61820953e-02 9.00747601e+01
5.30728528e-03 1.84531844e-02 9.99815724e-01 3.37003083e+01 3.13842300e-02 9.99334111e-01 -1.86109000e-02 -4.31682682e+00 -9.99493219e-01 3.14772105e-02 4.72461356e-03 9.00610517e+01
-5.46306925e-03 1.78056698e-02 9.99826626e-01 3.44626066e+01 3.27221887e-02 9.99309200e-01 -1.76176692e-02 -4.34508274e+00 -9.99449471e-01 3.26202593e-02 -6.04193452e-03 9.00367076e+01
-1.62119420e-02 1.78054197e-02 9.99710112e-01 3.52206546e+01 3.31248922e-02 9.99302157e-01 -1.72609879e-02 -4.37343273e+00 -9.99319642e-01 3.28354458e-02 -1.67904299e-02 9.00042193e+01
-2.80035029e-02 1.85003026e-02 9.99436697e-01 3.60472580e+01 3.33302028e-02 9.99290055e-01 -1.75637084e-02 -4.40534221e+00 -9.99051917e-01 3.28195727e-02 -2.86002394e-02 8.99613318e+01
-3.83968874e-02 1.95899138e-02 9.99070609e-01 3.67941138e+01 3.30757270e-02 9.99284878e-01 -1.83229377e-02 -4.43346817e+00 -9.98714928e-01 3.23414334e-02 -3.90173783e-02 8.99145211e+01
-4.83891923e-02 2.05997350e-02 9.98616195e-01 3.75340695e+01 3.38744223e-02 9.99246022e-01 -1.89713090e-02 -4.46069239e+00 -9.98253896e-01 3.29095307e-02 -4.90505107e-02 8.98599976e+01
-5.85708556e-02 2.13991783e-02 9.98053955e-01 3.83390204e+01 3.48285911e-02 9.99205378e-01 -1.93799571e-02 -4.49117392e+00 -9.97675426e-01 3.36257027e-02 -5.92696158e-02 8.97921791e+01
-6.78737044e-02 2.18263848e-02 9.97455231e-01 3.90629297e+01 3.54946091e-02 9.99180602e-01 -1.94488518e-02 -4.51986589e+00 -9.97062248e-01 3.40842080e-02 -6.85928065e-02 8.97218714e+01
-7.79610731e-02 2.19295336e-02 9.96715272e-01 3.98512672e+01 3.61851761e-02 9.99161546e-01 -1.91530333e-02 -4.54955435e+00 -9.96299421e-01 3.45731167e-02 -7.86892290e-02 8.96407718e+01
-8.62789191e-02 2.17079675e-02 9.96034578e-01 4.05595024e+01 3.75970142e-02 9.99121379e-01 -1.85185076e-02 -4.57719593e+00 -9.95561272e-01 3.58501592e-02 -8.70192660e-02 8.95583265e+01
-9.34737271e-02 2.04696117e-02 9.95411385e-01 4.12613221e+01 3.91312887e-02 9.99091649e-01 -1.68706927e-02 -4.60419424e+00 -9.94852370e-01 3.73747533e-02 -9.41898210e-02 8.94717689e+01
-9.91089787e-02 1.89296750e-02 9.94896600e-01 4.20223310e+01 4.21575775e-02 9.99001230e-01 -1.48081547e-02 -4.63525195e+00 -9.94183073e-01 4.04747984e-02 -9.98080196e-02 8.93726726e+01
-1.02906650e-01 1.72412545e-02 9.94541667e-01 4.27084713e+01 4.51154362e-02 9.98901701e-01 -1.26486890e-02 -4.65901774e+00 -9.93667275e-01 4.35675353e-02 -1.03571473e-01 8.92810010e+01
-1.05707124e-01 1.60422549e-02 9.94267980e-01 4.33839502e+01 4.68442902e-02 9.98840132e-01 -1.11357108e-02 -4.68149088e+00 -9.93293235e-01 4.53986418e-02 -1.06336005e-01 8.91912692e+01
-1.07633107e-01 1.53026394e-02 9.94072990e-01 4.41114625e+01 4.73597161e-02 9.98825329e-01 -1.02479378e-02 -4.70586801e+00 -9.93061934e-01 4.59759852e-02 -1.08231401e-01 8.90952663e+01
-1.08600737e-01 1.54088778e-02 9.93966103e-01 4.47588823e+01 4.77664617e-02 9.98805785e-01 -1.02649487e-02 -4.72707710e+00 -9.92937097e-01 4.63634506e-02 -1.09207071e-01 8.90097654e+01
-1.07957452e-01 1.65602977e-02 9.94017662e-01 4.53897460e+01 4.87611864e-02 9.98746053e-01 -1.13432657e-02 -4.74795735e+00 -9.92958896e-01 4.72448781e-02 -1.08629577e-01 8.89256382e+01
-1.05034491e-01 1.78838418e-02 9.94307845e-01 4.60667580e+01 4.99583295e-02 9.98670746e-01 -1.26849347e-02 -4.77079167e+00 -9.93212845e-01 4.83415908e-02 -1.05788319e-01 8.88383502e+01
-1.00314573e-01 1.86372903e-02 9.94781285e-01 4.66647871e+01 5.00073227e-02 9.98655335e-01 -1.36670992e-02 -4.79177442e+00 -9.93698187e-01 4.83753270e-02 -1.01111684e-01 8.87679104e+01
-9.22519235e-02 1.91434953e-02 9.95551745e-01 4.73036889e+01 4.92315514e-02 9.98680067e-01 -1.46416602e-02 -4.81547982e+00 -9.94517808e-01 4.76618232e-02 -9.30726198e-02 8.87020523e+01
-8.17209070e-02 1.93508728e-02 9.96467463e-01 4.78644997e+01 4.82299660e-02 9.98716928e-01 -1.54391958e-02 -4.83788120e+00 -9.95487517e-01 4.67978745e-02 -8.25493438e-02 8.86519427e+01
-6.87892599e-02 1.94012699e-02 9.97442628e-01 4.84073659e+01 4.77668674e-02 9.98728234e-01 -1.61320128e-02 -4.86055413e+00 -9.96486928e-01 4.65349883e-02 -6.96285126e-02 8.86115015e+01
-5.11189896e-02 2.07147601e-02 9.98477799e-01 4.89843943e+01 4.64162322e-02 9.98753737e-01 -1.83441256e-02 -4.88533856e+00 -9.97613259e-01 4.54078322e-02 -5.20167816e-02 8.85852052e+01
-3.11298255e-02 2.32565600e-02 9.99244832e-01 4.95002637e+01 4.49883179e-02 9.98748674e-01 -2.18434851e-02 -4.91234866e+00 -9.98502287e-01 4.42743484e-02 -3.21371441e-02 8.85784007e+01
-7.99980044e-03 2.62292283e-02 9.99624029e-01 5.00102919e+01 4.29947811e-02 9.98740511e-01 -2.58619768e-02 -4.93973865e+00 -9.99043184e-01 4.27717141e-02 -9.11744340e-03 8.85851146e+01
2.14676657e-02 2.79867878e-02 9.99377830e-01 5.05664248e+01 4.07451797e-02 9.98753134e-01 -2.88445527e-02 -4.96794706e+00 -9.98938838e-01 4.13390432e-02 2.03005730e-02 8.86072306e+01
5.29604297e-02 2.77318282e-02 9.98211554e-01 5.10698896e+01 3.88033048e-02 9.98802207e-01 -2.98069697e-02 -4.99393140e+00 -9.97842336e-01 4.03124860e-02 5.18209088e-02 8.86465194e+01
8.89254715e-02 2.54451174e-02 9.95713299e-01 5.15686535e+01 3.74953680e-02 9.98879547e-01 -2.88746880e-02 -5.02022842e+00 -9.95332201e-01 3.99023207e-02 8.78717620e-02 8.87045216e+01
1.32803168e-01 2.17101207e-02 9.90904715e-01 5.21105905e+01 3.50938707e-02 9.99030186e-01 -2.65915101e-02 -5.05055730e+00 -9.90520859e-01 3.83061079e-02 1.31912483e-01 8.87950402e+01
1.75675282e-01 1.71824768e-02 9.84298289e-01 5.25940492e+01 3.20683533e-02 9.99217163e-01 -2.31664036e-02 -5.07785241e+00 -9.83925634e-01 3.56345794e-02 1.74986744e-01 8.89034354e+01
2.21322500e-01 1.39284868e-02 9.75101281e-01 5.30703890e+01 2.76315955e-02 9.99406975e-01 -2.05473308e-02 -5.10584950e+00 -9.74809051e-01 3.14911813e-02 2.20806385e-01 8.90338865e+01
2.74858005e-01 1.23456324e-02 9.61405647e-01 5.35755230e+01 2.31362065e-02 9.99543106e-01 -1.94498241e-02 -5.13829203e+00 -9.61206345e-01 2.75892106e-02 2.74446794e-01 8.92103051e+01
3.26726975e-01 1.21179288e-02 9.45041158e-01 5.40164404e+01 2.12536771e-02 9.99570732e-01 -2.01651364e-02 -5.16267816e+00 -9.44879682e-01 2.66740851e-02 3.26329172e-01 8.93929172e+01
3.81732294e-01 1.24431028e-02 9.24189249e-01 5.44407174e+01 2.29284830e-02 9.99474175e-01 -2.29272410e-02 -5.18791677e+00 -9.23988417e-01 2.99423167e-02 3.81246270e-01 8.95956964e+01
4.44383451e-01 1.56366024e-02 8.95700274e-01 5.48815358e+01 2.28252249e-02 9.99325423e-01 -2.87699080e-02 -5.21685062e+00 -8.95545768e-01 3.32294214e-02 4.43726772e-01 8.98478289e+01
5.01195012e-01 1.89188511e-02 8.65127599e-01 5.52592661e+01 2.33479205e-02 9.99101345e-01 -3.53748042e-02 -5.24413570e+00 -8.65019253e-01 3.79285953e-02 5.00302896e-01 9.01031891e+01
5.62173900e-01 2.34210410e-02 8.26687411e-01 5.56475220e+01 1.82274123e-02 9.99005213e-01 -4.06982445e-02 -5.27217758e+00 -8.26818088e-01 3.79478527e-02 5.61187753e-01 9.04167630e+01
6.15342959e-01 2.65859994e-02 7.87811102e-01 5.59759900e+01 1.34071964e-02 9.98933496e-01 -4.41827718e-02 -5.29770086e+00 -7.88145409e-01 3.77498854e-02 6.14330250e-01 9.07274884e+01
6.66100419e-01 2.76629307e-02 7.45348970e-01 5.62840116e+01 1.08406179e-02 9.98847361e-01 -4.67592973e-02 -5.32452879e+00 -7.45783224e-01 3.92264205e-02 6.65032763e-01 9.10565529e+01
7.18009464e-01 2.58674467e-02 6.95552561e-01 5.65994323e+01 9.27082499e-03 9.98865109e-01 -4.67177317e-02 -5.35631810e+00 -6.95971536e-01 3.99921092e-02 7.16954790e-01 9.14382068e+01
7.61568914e-01 2.23797044e-02 6.47697466e-01 5.68595261e+01 6.69994747e-03 9.99078304e-01 -4.23987386e-02 -5.38571338e+00 -6.48049248e-01 3.66290908e-02 7.60717037e-01 9.18064518e+01
8.01878454e-01 1.78210704e-02 5.97221412e-01 5.70933577e+01 4.61527581e-03 9.99340515e-01 -3.60171502e-02 -5.41543437e+00 -5.97469316e-01 3.16377098e-02 8.01267378e-01 9.21926254e+01
8.41119699e-01 1.49372230e-02 5.40642747e-01 5.73204499e+01 1.53418100e-03 9.99548631e-01 -3.00030195e-02 -5.44613857e+00 -5.40846788e-01 2.60655674e-02 8.40717128e-01 9.26361864e+01
8.71745338e-01 1.19430914e-02 4.89813708e-01 5.75055835e+01 -4.74742864e-04 9.99722989e-01 -2.35312552e-02 -5.46961867e+00 -4.89958977e-01 2.02807206e-02 8.71509526e-01 9.30538986e+01
8.97123290e-01 1.21339390e-02 4.41613634e-01 5.76681504e+01 -4.59845852e-03 9.99825064e-01 -1.81299532e-02 -5.49460949e+00 -4.41756294e-01 1.42340568e-02 8.97022149e-01 9.34832381e+01
9.19400053e-01 1.38226903e-02 3.93080783e-01 5.78252855e+01 -8.71553396e-03 9.99852865e-01 -1.47745612e-02 -5.51791018e+00 -3.93227105e-01 1.01578199e-02 9.19385250e-01 9.39627135e+01
9.34703551e-01 1.96875786e-02 3.54882646e-01 5.79477444e+01 -1.66120871e-02 9.99793421e-01 -1.17112984e-02 -5.53199306e+00 -3.55039842e-01 5.05124834e-03 9.34837513e-01 9.44159171e+01
9.47812531e-01 2.44604916e-02 3.17888515e-01 5.80717073e+01 -2.14253861e-02 9.99685394e-01 -1.30408881e-02 -5.54306992e+00 -3.18107438e-01 5.54943062e-03 9.48038419e-01 9.49116117e+01
