1.00000000e+00 3.92706334e-19 -4.96044567e-18 5.55111512e-17 -1.23416250e-18 1.00000000e+00 -1.39536467e-18 -1.11022302e-16 -6.07616949e-19 -6.35366965e-18 1.00000000e+00 0.00000000e+00
9.99118305e-01 -1.50103969e-03 4.19566379e-02 4.81431170e-02 1.60005151e-03 9.99996014e-01 -2.32637967e-03 -2.33169417e-02 -4.19529716e-02 2.39146066e-03 9.99116724e-01 9.65770887e-01
9.95952383e-01 -5.38849781e-03 8.97207723e-02 1.49833327e-01 6.04693396e-03 9.99956734e-01 -7.06852682e-03 -5.12055659e-02 -8.96787866e-02 7.58244988e-03 9.95941876e-01 2.01957307e+00
9.91026714e-01 -5.94123190e-03 1.33531858e-01 2.85091291e-01 7.48800828e-03 9.99910529e-01 -1.10843674e-02 -7.85414320e-02 -1.33454033e-01 1.19847890e-02 9.90982534e-01 2.97143697e+00
9.83224133e-01 -3.67683782e-03 1.82364445e-01 4.76658443e-01 6.32027098e-03 9.99883189e-01 -1.39162829e-02 -1.11890458e-01 -1.82291944e-01 1.48354143e-02 9.83132520e-01 4.00991957e+00
9.73947909e-01 -6.18364575e-03 2.26687541e-01 6.99822933e-01 9.50774594e-03 9.99862653e-01 -1.35748683e-02 -1.44230089e-01 -2.26572426e-01 1.53764982e-02 9.73872933e-01 4.94424628e+00
9.62734397e-01 -7.29730948e-03 2.70350219e-01 9.63612798e-01 1.15233528e-02 9.99834922e-01 -1.40477938e-02 -1.79252467e-01 -2.70203034e-01 1.66396309e-02 9.62659561e-01 5.86446948e+00
9.48362421e-01 -9.77944151e-03 3.17038007e-01 1.30018181e+00 1.60226654e-02 9.99725546e-01 -1.70911288e-02 -2.19742375e-01 -3.16783799e-01 2.12883728e-02 9.48258832e-01 6.85734937e+00
9.33667694e-01 -1.26458560e-02 3.57917225e-01 1.65023436e+00 2.08124005e-02 9.99603342e-01 -1.89737377e-02 -2.54657011e-01 -3.57535255e-01 2.51642762e-02 9.33560539e-01 7.74176968e+00
9.16934795e-01 -1.22505144e-02 3.98849010e-01 2.03302250e+00 2.17165657e-02 9.99579334e-01 -1.92236040e-02 -2.90421332e-01 -3.98445661e-01 2.62884154e-02 9.16815111e-01 8.61132525e+00
8.96121603e-01 -1.30870881e-02 4.43615638e-01 2.49876318e+00 2.34512878e-02 9.99564998e-01 -1.78844288e-02 -3.31784982e-01 -4.43188534e-01 2.64299741e-02 8.96038697e-01 9.54598207e+00
8.74843317e-01 -1.35178226e-02 4.84217387e-01 2.95897015e+00 2.44797530e-02 9.99567054e-01 -1.63232061e-02 -3.69242633e-01 -4.83787011e-01 2.61337628e-02 8.74795471e-01 1.03727631e+01
8.49244782e-01 -1.35065973e-02 5.27826598e-01 3.50842553e+00 2.52656362e-02 9.99567132e-01 -1.50730585e-02 -4.10315198e-01 -5.27394444e-01 2.61365839e-02 8.49218425e-01 1.12531086e+01
8.24303609e-01 -1.40198326e-02 5.65974432e-01 4.04220973e+00 2.69939303e-02 9.99529624e-01 -1.45553545e-02 -4.44395238e-01 -5.65504052e-01 2.72758981e-02 8.24294328e-01 1.20265301e+01
7.97835829e-01 -1.62286854e-02 6.02656353e-01 4.61350354e+00 3.12547735e-02 9.99406783e-01 -1.44644993e-02 -4.78128945e-01 -6.02064006e-01 3.03761753e-02 7.97869764e-01 1.27689657e+01
7.67166963e-01 -1.51934866e-02 6.41267556e-01 5.27419413e+00 3.20294578e-02 9.99379706e-01 -1.46395720e-02 -5.14873273e-01 -6.40647247e-01 3.17704394e-02 7.67177734e-01 1.35550186e+01
7.37513382e-01 -1.83187894e-02 6.75084076e-01 5.91161181e+00 3.71950085e-02 9.99216559e-01 -1.35203628e-02 -5.46317221e-01 -6.74307397e-01 3.50811970e-02 7.37616952e-01 1.42360095e+01
7.06493958e-01 -1.81702943e-02 7.07485838e-01 6.57441864e+00 3.83076830e-02 9.99186651e-01 -1.25919610e-02 -5.76647686e-01 -7.06681486e-01 3.59982779e-02 7.06615395e-01 1.48868491e+01
6.69998335e-01 -1.68372256e-02 7.42171699e-01 7.33088833e+00 3.85717628e-02 9.99181928e-01 -1.21529406e-02 -6.09888157e-01 -7.41359803e-01 3.67693108e-02 6.70099670e-01 1.55676739e+01
6.35604521e-01 -1.78729908e-02 7.71807974e-01 8.04819871e+00 4.35877594e-02 9.98968083e-01 -1.27622848e-02 -6.36015492e-01 -7.70783302e-01 4.17531352e-02 6.35727675e-01 1.61469387e+01
5.96678169e-01 -1.62890733e-02 8.02315360e-01 8.86213595e+00 4.44901739e-02 9.98927737e-01 -1.28063262e-02 -6.66809383e-01 -8.01246328e-01 4.33363937e-02 5.96763078e-01 1.67475993e+01
5.60218305e-01 -1.55955771e-02 8.28198252e-01 9.62672816e+00 4.72701236e-02 9.98795359e-01 -1.31668989e-02 -6.94359722e-01 -8.26995085e-01 4.65253594e-02 5.60280649e-01 1.72546419e+01
5.22746434e-01 -1.41787994e-02 8.52370371e-01 1.04134557e+01 5.29522626e-02 9.98470999e-01 -1.58657453e-02 -7.20511950e-01 -8.50841995e-01 5.34286880e-02 5.22697955e-01 1.77240807e+01
4.80998453e-01 -1.31905828e-02 8.76622282e-01 1.13053304e+01 5.48329361e-02 9.98381906e-01 -1.50638689e-02 -7.46093217e-01 -8.75004976e-01 5.53134573e-02 4.80943432e-01 1.82050928e+01
4.43694207e-01 -1.48220541e-02 8.96055742e-01 1.21392807e+01 5.96271096e-02 9.98135877e-01 -1.30145743e-02 -7.70910953e-01 -8.94192330e-01 5.92036904e-02 4.43750904e-01 1.86064208e+01
4.07518478e-01 -1.57566980e-02 9.13061091e-01 1.29923019e+01 6.32632983e-02 9.97936090e-01 -1.10143672e-02 -7.96283272e-01 -9.11002911e-01 6.22517990e-02 4.07674219e-01 1.89727551e+01
3.69663858e-01 -1.33621268e-02 9.29069551e-01 1.39470512e+01 6.55475643e-02 9.97780498e-01 -1.17301240e-02 -8.20256053e-01 -9.26850583e-01 6.52344330e-02 3.69719244e-01 1.93444820e+01
3.36959735e-01 -1.36535225e-02 9.41420133e-01 1.48366362e+01 6.69452107e-02 9.97711506e-01 -9.49158463e-03 -8.39820950e-01 -9.39135947e-01 6.62218349e-02 3.37102644e-01 1.96531345e+01
3.01469730e-01 -1.60442690e-02 9.53340829e-01 1.58371344e+01 6.89917460e-02 9.97604562e-01 -5.02767883e-03 -8.60209752e-01 -9.50976334e-01 6.72883250e-02 3.01854502e-01 1.99627537e+01
2.69496326e-01 -1.58094634e-02 9.62871719e-01 1.67600418e+01 6.97080734e-02 9.97562519e-01 -3.13140956e-03 -8.78392046e-01 -9.60475069e-01 6.79638193e-02 2.69941482e-01 2.02133606e+01
2.37874757e-01 -1.30527871e-02 9.71208208e-01 1.76927375e+01 6.75422588e-02 9.97711493e-01 -3.13391818e-03 -8.92610895e-01 -9.68944521e-01 6.63430599e-02 2.38211995e-01 2.04391672e+01
2.04419242e-01 -1.08708698e-02 9.78823150e-01 1.87328869e+01 6.76079444e-02 9.97707338e-01 -3.03877442e-03 -9.07515612e-01 -9.76545840e-01 6.67973887e-02 2.04685536e-01 2.06531123e+01
1.74629229e-01 -1.05557636e-02 9.84577763e-01 1.96965790e+01 6.93162336e-02 9.97593456e-01 -1.59894348e-03 -9.20757687e-01 -9.82191290e-01 6.85264278e-02 1.74940663e-01 2.08172267e+01
1.44881384e-01 -1.09084490e-02 9.89388981e-01 2.06757521e+01 7.10040470e-02 9.97475847e-01 6.00113367e-04 -9.32215703e-01 -9.86897991e-01 7.01636595e-02 1.45290227e-01 2.09547982e+01
1.12256646e-01 -1.18781038e-02 9.93608335e-01 2.17721296e+01 6.96371382e-02 9.97564135e-01 4.05787146e-03 -9.42792444e-01 -9.91236071e-01 6.87365012e-02 1.12810363e-01 2.10770330e+01
8.35362128e-02 -1.18189767e-02 9.96434735e-01 2.27833535e+01 7.01461343e-02 9.97518975e-01 5.95112482e-03 -9.48629128e-01 -9.94032723e-01 6.93988935e-02 8.41580141e-02 2.11604214e+01
5.42451037e-02 -1.11563139e-02 9.98465409e-01 2.39119491e+01 7.29780114e-02 9.97307715e-01 7.17859079e-03 -9.51429702e-01 -9.95857174e-01 7.24765993e-02 5.49132273e-02 2.12159547e+01
2.96270137e-02 -1.05363084e-02 9.99505575e-01 2.49518477e+01 7.70290815e-02 9.96994907e-01 8.22656806e-03 -9.52187015e-01 -9.96588477e-01 7.67472496e-02 3.03495852e-02 2.12401671e+01
7.37290692e-03 -1.00983730e-02 9.99921913e-01 2.60046886e+01 8.11331796e-02 9.96658307e-01 9.46717582e-03 -9.51188755e-01 -9.96675915e-01 8.10570246e-02 8.16758334e-03 2.12398121e+01
-1.45726810e-02 -9.98022142e-03 9.99844088e-01 2.71762412e+01 8.73821085e-02 9.96111719e-01 1.12165527e-02 -9.49111709e-01 -9.96068189e-01 8.75319196e-02 -1.36439243e-02 2.12127580e+01
-3.19817262e-02 -1.06339164e-02 9.99431967e-01 2.82526413e+01 9.16799054e-02 9.95696636e-01 1.35279178e-02 -9.45834262e-01 -9.95274735e-01 9.20604534e-02 -3.08691794e-02 2.11679106e+01
-4.72991459e-02 -1.02642351e-02 9.98828116e-01 2.93384470e+01 9.48229617e-02 9.95385329e-01 1.47191605e-02 -9.41782288e-01 -9.94369765e-01 9.54080222e-02 -4.61075894e-02 2.11080319e+01
-6.28086841e-02 -1.08730092e-02 9.97966440e-01 3.05409719e+01 9.73954917e-02 9.95101043e-01 1.69715357e-02 -9.36374729e-01 -9.93261809e-01 9.82633697e-02 -6.14420037e-02 2.10248853e+01
-7.58211928e-02 -1.19148196e-02 9.97050325e-01 3.16402735e+01 9.75342210e-02 9.95044864e-01 1.93078910e-02 -9.29916796e-01 -9.92339688e-01 9.87104518e-02 -7.42833846e-02 2.09379314e+01
-8.78771261e-02 -1.20881285e-02 9.96058058e-01 3.27445620e+01 9.73037813e-02 9.95040262e-01 2.06603914e-02 -9.22267140e-01 -9.91367449e-01 9.87357690e-02 -8.62650567e-02 2.08389287e+01
-9.99677161e-02 -9.10545054e-03 9.94949101e-01 3.39701171e+01 9.73801846e-02 9.95067956e-01 1.88908301e-02 -9.11686375e-01 -9.90213810e-01 9.87767780e-02 -9.85879792e-02 2.07128608e+01
-1.09931739e-01 -5.39050049e-03 9.93924606e-01 3.51003143e+01 9.79786800e-02 9.95056106e-01 1.62334388e-02 -9.01051685e-01 -9.89098087e-01 9.91679687e-02 -1.08860093e-01 2.05842256e+01
-1.20082187e-01 -2.44054627e-03 9.92761038e-01 3.63674339e+01 9.90597352e-02 9.94976885e-01 1.44280375e-02 -8.88799363e-01 -9.87809330e-01 1.00075173e-01 -1.19237239e-01 2.04262034e+01
-1.27432518e-01 -1.25567198e-03 9.91846532e-01 3.75419548e+01 9.89013625e-02 9.94999225e-01 1.39665144e-02 -8.78173887e-01 -9.86903901e-01 9.98747391e-02 -1.26671068e-01 2.02732872e+01
-1.33141038e-01 -7.42559912e-04 9.91096907e-01 3.87374926e+01 9.83797124e-02 9.95051008e-01 1.39615597e-02 -8.67402904e-01 -9.86202176e-01 9.93626629e-02 -1.32409070e-01 2.01111870e+01
-1.38613960e-01 9.78207433e-04 9.90346090e-01 4.00736090e+01 9.94018007e-02 9.94963365e-01 1.29300182e-02 -8.56152222e-01 -9.85345264e-01 1.00234443e-01 -1.38013046e-01 1.99210521e+01
-1.42975569e-01 2.83156352e-03 9.89722251e-01 4.13081739e+01 9.87061653e-02 9.95051181e-01 1.14123084e-02 -8.46103589e-01 -9.84791814e-01 9.93233472e-02 -1.42547501e-01 1.97414320e+01
-1.47013386e-01 3.97172785e-03 9.89126612e-01 4.25639491e+01 9.89963864e-02 9.95030067e-01 1.07183459e-02 -8.37870722e-01 -9.84167982e-01 9.94956783e-02 -1.46675925e-01 1.95521855e+01
-1.50273832e-01 2.97301628e-03 9.88640026e-01 4.39696689e+01 9.87682938e-02 9.95037854e-01 1.20205758e-02 -8.29314236e-01 -9.83698346e-01 9.94526443e-02 -1.49821790e-01 1.93366646e+01
-1.52502863e-01 6.14688190e-04 9.88302921e-01 4.52702418e+01 9.93497490e-02 9.94943816e-01 1.47116205e-02 -8.18938467e-01 -9.83296670e-01 1.00431189e-01 -1.51792849e-01 1.91334422e+01
-1.54713692e-01 -4.05147703e-04 9.87959348e-01 4.65881434e+01 9.92834141e-02 9.94931264e-01 1.59557116e-02 -8.06686158e-01 -9.82957941e-01 1.00556522e-01 -1.53889264e-01 1.89257674e+01
-1.56829637e-01 3.69196449e-04 9.87625685e-01 4.80588651e+01 1.01617223e-01 9.94698660e-01 1.57644236e-02 -7.90528446e-01 -9.82383959e-01 1.02832086e-01 -1.56035745e-01 1.86890023e+01
-1.57813825e-01 8.74788187e-04 9.87468580e-01 4.94155518e+01 1.01305542e-01 9.94737564e-01 1.53090713e-02 -7.76868704e-01 -9.82258531e-01 1.02452000e-01 -1.57071959e-01 1.84703980e+01
-1.58370754e-01 1.77603705e-03 9.87378202e-01 5.09308093e+01 1.03390652e-01 9.94530793e-01 1.47944611e-02 -7.60659018e-01 -9.81951585e-01 1.04428663e-01 -1.57688216e-01 1.82226997e+01
-1.58447221e-01 2.27149659e-03 9.87364919e-01 5.23275591e+01 1.02936171e-01 9.94586164e-01 1.42305518e-02 -7.48716885e-01 -9.81986996e-01 1.03890333e-01 -1.57823231e-01 1.79958689e+01
-1.57962165e-01 3.51149150e-03 9.87439005e-01 5.37426668e+01 1.02979328e-01 9.94599366e-01 1.29368057e-02 -7.38753486e-01 -9.82060614e-01 1.03729308e-01 -1.57470679e-01 1.77664079e+01
-1.56695659e-01 3.52152811e-03 9.87640741e-01 5.53231401e+01 1.03305373e-01 9.94566758e-01 1.28438453e-02 -7.27846497e-01 -9.82229254e-01 1.04041147e-01 -1.56208085e-01 1.75121417e+01
-1.55255349e-01 2.31791444e-03 9.87871737e-01 5.67813446e+01 1.02415720e-01 9.94646484e-01 1.37619882e-02 -7.19222595e-01 -9.82551085e-01 1.03310195e-01 -1.54661576e-01 1.72809085e+01
-1.54162498e-01 3.03680810e-03 9.88040924e-01 5.82579263e+01 1.03401663e-01 9.94553717e-01 1.30767722e-02 -7.09293840e-01 -9.82619895e-01 1.04180999e-01 -1.53636896e-01 1.70466846e+01
-1.52883058e-01 3.96744060e-03 9.88236406e-01 5.99057585e+01 1.03346317e-01 9.94573103e-01 1.19950926e-02 -6.97850400e-01 -9.82825593e-01 1.03964416e-01 -1.52463396e-01 1.67895574e+01
-1.51952371e-01 4.62367081e-03 9.88377086e-01 6.14257871e+01 1.04339442e-01 9.94476534e-01 1.13888612e-02 -6.89752690e-01 -9.82864993e-01 1.04857255e-01 -1.51595497e-01 1.65527851e+01
-1.50849226e-01 4.47847484e-03 9.88546721e-01 6.31194406e+01 1.03969319e-01 9.94515628e-01 1.13598819e-02 -6.81631175e-01 -9.83074122e-01 1.04492135e-01 -1.50487535e-01 1.62919936e+01
-1.49933606e-01 2.81034097e-03 9.88692157e-01 6.46781846e+01 1.05662237e-01 9.94314501e-01 1.31971854e-02 -6.73950809e-01 -9.83033694e-01 1.06446103e-01 -1.49378104e-01 1.60510316e+01
-1.49274685e-01 1.05819859e-03 9.88795284e-01 6.62508690e+01 1.06889530e-01 9.94156648e-01 1.50727685e-02 -6.65890093e-01 -9.83001289e-01 1.07941822e-01 -1.48515530e-01 1.58082228e+01
-1.48440982e-01 1.68647783e-03 9.88919914e-01 6.79934105e+01 1.08545025e-01 9.93984345e-01 1.45979405e-02 -6.56092303e-01 -9.82946128e-01 1.09509246e-01 -1.47731070e-01 1.55421649e+01
-1.47414328e-01 3.93173489e-03 9.89067097e-01 6.95888650e+01 1.10861906e-01 9.93756289e-01 1.25729015e-02 -6.49212817e-01 -9.82842048e-01 1.11503265e-01 -1.46929794e-01 1.52975367e+01
-1.46775188e-01 3.64202525e-03 9.89163255e-01 7.12009337e+01 1.10115732e-01 9.93837885e-01 1.26800815e-02 -6.45352079e-01 -9.83021570e-01 1.10783532e-01 -1.46271785e-01 1.50558779e+01
-1.46557689e-01 3.22259078e-03 9.89196959e-01 7.29908158e+01 1.10510519e-01 9.93788149e-01 1.31354933e-02 -6.40623357e-01 -9.83009718e-01 1.11241753e-01 -1.46003423e-01 1.47863988e+01
-1.46343818e-01 1.70860246e-03 9.89232396e-01 7.46360678e+01 1.09821024e-01 9.93845171e-01 1.45299913e-02 -6.34845053e-01 -9.83118847e-01 1.10764864e-01 -1.45630736e-01 1.45418539e+01
-1.45937038e-01 1.99909050e-03 9.89291944e-01 7.64620161e+01 1.11733318e-01 9.93632805e-01 1.44746595e-02 -6.25845264e-01 -9.82963826e-01 1.12649235e-01 -1.45231193e-01 1.42673655e+01
-1.45922042e-01 2.18789284e-03 9.89293756e-01 7.81368814e+01 1.12389074e-01 9.93560218e-01 1.43801943e-02 -6.18719326e-01 -9.82891292e-01 1.13284172e-01 -1.45228230e-01 1.40177759e+01
-1.45896978e-01 3.18364060e-03 9.89294750e-01 7.98233615e+01 1.12885912e-01 9.93516910e-01 1.34507021e-02 -6.11822910e-01 -9.82838074e-01 1.13639832e-01 -1.45310501e-01 1.37654589e+01
-1.46278655e-01 3.89990010e-03 9.89235822e-01 8.16940010e+01 1.12305562e-01 9.93592691e-01 1.26895834e-02 -6.06316597e-01 -9.82847828e-01 1.12952875e-01 -1.45779382e-01 1.34873531e+01
-1.47363005e-01 4.16608128e-03 9.89073786e-01 8.34085592e+01 1.11226564e-01 9.93717886e-01 1.23861005e-02 -6.03198786e-01 -9.82808544e-01 1.11836507e-01 -1.46900631e-01 1.32306666e+01
-1.48501141e-01 4.99638038e-03 9.88899698e-01 8.51354769e+01 1.10661393e-01 9.93790508e-01 1.15967107e-02 -6.01322525e-01 -9.82701025e-01 1.11155119e-01 -1.48131929e-01 1.29704238e+01
-1.49567705e-01 4.34875243e-03 9.88742006e-01 8.70528316e+01 1.09486775e-01 9.93913495e-01 1.21906401e-02 -5.98777343e-01 -9.82670843e-01 1.10077475e-01 -1.49133491e-01 1.26809039e+01
-1.50525722e-01 3.87160644e-03 9.88598595e-01 8.88100067e+01 1.09667131e-01 9.93885875e-01 1.28057892e-02 -5.94321685e-01 -9.82504435e-01 1.10344348e-01 -1.50029975e-01 1.24115769e+01
-1.50907367e-01 2.78210459e-03 9.88544077e-01 9.05831745e+01 1.07037376e-01 9.94162771e-01 1.35419961e-02 -5.88945329e-01 -9.82735877e-01 1.07854727e-01 -1.50324274e-01 1.21415324e+01
-1.52405997e-01 3.93693296e-03 9.88310213e-01 9.25464230e+01 1.06805226e-01 9.94201261e-01 1.25098872e-02 -5.81499846e-01 -9.82529844e-01 1.07463254e-01 -1.51942718e-01 1.18358893e+01
-1.54899850e-01 5.25282291e-03 9.87916297e-01 9.43450650e+01 1.05714864e-01 9.94332408e-01 1.12885681e-02 -5.75615031e-01 -9.82257727e-01 1.06186011e-01 -1.54577241e-01 1.15544302e+01
-1.58970110e-01 5.19555533e-03 9.87269809e-01 9.63373551e+01 1.06385046e-01 9.94253823e-01 1.18977990e-02 -5.68270038e-01 -9.81534800e-01 1.06922115e-01 -1.58609368e-01 1.12337011e+01
-1.63511731e-01 4.76245592e-03 9.86529978e-01 9.81597246e+01 1.04194311e-01 9.94478796e-01 1.24687814e-02 -5.66311638e-01 -9.81023597e-01 1.04829580e-01 -1.63105169e-01 1.09356586e+01
-1.68210102e-01 3.58933793e-03 9.85744715e-01 9.99901532e+01 1.01970100e-01 9.94692039e-01 1.37785281e-02 -5.64514737e-01 -9.80462798e-01 1.02834152e-01 -1.67683254e-01 1.06277928e+01
-1.73204911e-01 4.93164734e-03 9.84873546e-01 1.02010314e+02 1.00988302e-01 9.94805540e-01 1.27789357e-02 -5.63296715e-01 -9.79694473e-01 1.01674059e-01 -1.72803242e-01 1.02764927e+01
-1.77710696e-01 6.24316188e-03 9.84063054e-01 1.03855627e+02 1.01482918e-01 9.94764718e-01 1.20156109e-02 -5.61597373e-01 -9.78836025e-01 1.02000871e-01 -1.77413904e-01 9.94462898e+00
-1.82141233e-01 7.96474318e-03 9.83240203e-01 1.05708605e+02 1.01240701e-01 9.94804462e-01 1.06960024e-02 -5.63314923e-01 -9.78046385e-01 1.01492088e-01 -1.82001266e-01 9.60249207e+00
-1.87257356e-01 8.78736484e-03 9.82271667e-01 1.07759589e+02 1.00099903e-01 9.94925291e-01 1.01821800e-02 -5.67950081e-01 -9.77197284e-01 1.00231964e-01 -1.87186692e-01 9.21436265e+00
-1.92084933e-01 7.65532321e-03 9.81348530e-01 1.09634319e+02 9.79912620e-02 9.95121777e-01 1.14176171e-02 -5.70859877e-01 -9.76473723e-01 9.83567111e-02 -1.91898053e-01 8.85238580e+00
-1.97798529e-01 7.46166588e-03 9.80214378e-01 1.11705320e+02 9.60370193e-02 9.95307784e-01 1.18028494e-02 -5.72367401e-01 -9.75526767e-01 9.64714318e-02 -1.97587011e-01 8.44284164e+00
-2.03222618e-01 6.59390452e-03 9.79110438e-01 1.13595253e+02 9.50957016e-02 9.95382797e-01 1.30344175e-02 -5.71816754e-01 -9.74503574e-01 9.57580610e-02 -2.02911349e-01 8.05692781e+00
-2.08539401e-01 6.44622531e-03 9.77992805e-01 1.15491665e+02 9.50213811e-02 9.95380946e-01 1.37007634e-02 -5.69605085e-01 -9.73386920e-01 9.57873545e-02 -2.08188674e-01 7.65864268e+00
-2.14323606e-01 7.90814180e-03 9.76730779e-01 1.17583344e+02 9.55887237e-02 9.95337113e-01 1.29161986e-02 -5.66949043e-01 -9.72074086e-01 9.61326733e-02 -2.14080168e-01 7.20413072e+00
-2.19819980e-01 8.87435746e-03 9.75500171e-01 1.19493178e+02 9.52318134e-02 9.95377834e-01 1.24044184e-02 -5.64817004e-01 -9.70881002e-01 9.56253678e-02 -2.19649055e-01 6.78002300e+00
-2.25535721e-01 8.85796731e-03 9.74194711e-01 1.21409817e+02 9.57196779e-02 9.95321994e-01 1.31099794e-02 -5.63522200e-01 -9.69521131e-01 9.62063511e-02 -2.25328544e-01 6.33952723e+00
-2.31448663e-01 9.21619825e-03 9.72803545e-01 1.23524923e+02 9.47296563e-02 9.95416739e-01 1.31075694e-02 -5.62478487e-01 -9.68223967e-01 9.51870536e-02 -2.31260920e-01 5.84264561e+00
-2.36434871e-01 9.56624193e-03 9.71600329e-01 1.25453596e+02 9.42324234e-02 9.95463640e-01 1.31298644e-02 -5.59606420e-01 -9.67067032e-01 9.46605901e-02 -2.36263766e-01 5.37899486e+00
-2.41902087e-01 9.74039627e-03 9.70251856e-01 1.27582710e+02 9.30371960e-02 9.95575114e-01 1.32013058e-02 -5.57823515e-01 -9.65829852e-01 9.34629146e-02 -2.41737916e-01 4.85576890e+00
-2.46153731e-01 9.82590095e-03 9.69181072e-01 1.29523750e+02 9.46070209e-02 9.95417142e-01 1.39365049e-02 -5.54334637e-01 -9.64602351e-01 9.51218353e-02 -2.45955242e-01 4.36410211e+00
-2.49903020e-01 8.58129637e-03 9.68232927e-01 1.31471713e+02 9.62358832e-02 9.95229660e-01 1.60181222e-02 -5.48328413e-01 -9.63476507e-01 9.71817062e-02 -2.49536725e-01 3.86088203e+00
-2.53693518e-01 9.91370593e-03 9.67233930e-01 1.33620149e+02 9.77093162e-02 9.95095396e-01 1.54286699e-02 -5.41241019e-01 -9.62336912e-01 9.84218975e-02 -2.53417912e-01 3.29567072e+00
-2.56629096e-01 1.03508418e-02 9.66454616e-01 1.35580070e+02 9.79942795e-02 9.95068378e-01 1.53637674e-02 -5.34736343e-01 -9.61529237e-01 9.86497915e-02 -2.56377821e-01 2.77380705e+00
-2.59905139e-01 1.01416216e-02 9.65580977e-01 1.37547317e+02 9.71472229e-02 9.95146233e-01 1.56969350e-02 -5.28537912e-01 -9.60734917e-01 9.78832027e-02 -2.59628849e-01 2.24433662e+00
-2.64080003e-01 1.03860378e-02 9.64444939e-01 1.39718459e+02 9.57843148e-02 9.95281284e-01 1.55091166e-02 -5.20982075e-01 -9.59732756e-01 9.64743237e-02 -2.63828702e-01 1.65311042e+00
-2.68396785e-01 1.12793334e-02 9.63242492e-01 1.41699310e+02 9.44951965e-02 9.95417166e-01 1.46739380e-02 -5.16672270e-01 -9.58662438e-01 9.49602052e-02 -2.68232609e-01 1.10477418e+00
-2.73147112e-01 1.11157175e-02 9.61908131e-01 1.43885452e+02 9.35964812e-02 9.95496092e-01 1.50741537e-02 -5.11001674e-01 -9.57408063e-01 9.41486568e-02 -2.72957274e-01 4.88177518e-01
-2.77561593e-01 1.13432302e-02 9.60640957e-01 1.45879608e+02 9.37460920e-02 9.95478079e-01 1.53318192e-02 -5.04670366e-01 -9.56122941e-01 9.43118387e-02 -2.77369864e-01 -8.40488166e-02
-2.81909438e-01 1.18630015e-02 9.59367757e-01 1.47878314e+02 9.32484854e-02 9.95528497e-01 1.50908426e-02 -4.99234086e-01 -9.54898757e-01 9.37138203e-02 -2.81755084e-01 -6.67594446e-01
-2.86732670e-01 1.23769554e-02 9.57930761e-01 1.50083518e+02 9.28661354e-02 9.95566602e-01 1.49339261e-02 -4.94195277e-01 -9.53498875e-01 9.32413514e-02 -2.86610869e-01 -1.32316250e+00
-2.90785519e-01 1.14112675e-02 9.56720293e-01 1.52094857e+02 9.25438434e-02 9.95575952e-01 1.62530491e-02 -4.88253392e-01 -9.52302088e-01 9.32647035e-02 -2.90555111e-01 -1.93129320e+00
-2.94895226e-01 1.14675783e-02 9.55460860e-01 1.54109860e+02 9.30875378e-02 9.95516481e-01 1.67823758e-02 -4.81622979e-01 -9.50984419e-01 9.38905205e-02 -2.94640545e-01 -2.55112032e+00
-2.99056125e-01 1.21384003e-02 9.54158397e-01 1.56332243e+02 9.41183385e-02 9.95418656e-01 1.68356443e-02 -4.73525854e-01 -9.49582551e-01 9.48385844e-02 -2.98828491e-01 -3.24664108e+00
-3.02522220e-01 1.32785082e-02 9.53049915e-01 1.58357146e+02 9.42534826e-02 9.95418852e-01 1.60496223e-02 -4.66047768e-01 -9.48470577e-01 9.46836199e-02 -3.02387866e-01 -3.88793803e+00
-3.05995626e-01 1.54183159e-02 9.51908139e-01 1.60386491e+02 9.47425460e-02 9.95398626e-01 1.43327166e-02 -4.59361456e-01 -9.47306907e-01 9.45719282e-02 -3.06048395e-01 -4.53934196e+00
-3.09609142e-01 1.60619415e-02 9.50728324e-01 1.62625743e+02 9.54071896e-02 9.95336268e-01 1.42542305e-02 -4.53714717e-01 -9.46065271e-01 9.51195364e-02 -3.09697631e-01 -5.26767108e+00
-3.12858367e-01 1.69084375e-02 9.49649356e-01 1.64667169e+02 9.51976485e-02 9.95364936e-01 1.36400979e-02 -4.50805958e-01 -9.45016878e-01 9.46717833e-02 -3.13017890e-01 -5.94023297e+00
-3.16602040e-01 1.70508646e-02 9.48405277e-01 1.66918890e+02 9.50430015e-02 9.95377060e-01 1.38324451e-02 -4.47526813e-01 -9.43784841e-01 9.45186435e-02 -3.16758972e-01 -6.69065741e+00
-3.20461606e-01 1.69770750e-02 9.47109439e-01 1.68971800e+02 9.50392870e-02 9.95370591e-01 1.43150898e-02 -4.43713468e-01 -9.42481694e-01 9.46000214e-02 -3.20591546e-01 -7.38297807e+00
-3.24130210e-01 1.71759616e-02 9.45856619e-01 1.71028705e+02 9.63569941e-02 9.95234598e-01 1.49473996e-02 -4.39889576e-01 -9.41092338e-01 9.59847832e-02 -3.24240622e-01 -8.08878810e+00
-3.27516872e-01 1.81570314e-02 9.44670933e-01 1.73296356e+02 9.88241421e-02 9.94989763e-01 1.51380851e-02 -4.34371205e-01 -9.39662886e-01 9.83142510e-02 -3.27670287e-01 -8.87811544e+00
-3.30185043e-01 1.77013350e-02 9.43750312e-01 1.75364468e+02 9.94694061e-02 9.94909715e-01 1.61399422e-02 -4.27429476e-01 -9.38660496e-01 9.92034286e-02 -3.30265047e-01 -9.60462826e+00
-3.32777176e-01 1.70560059e-02 9.42851311e-01 1.77438231e+02 9.93553180e-02 9.94905599e-01 1.70695653e-02 -4.19250306e-01 -9.37756751e-01 9.93576316e-02 -3.32776479e-01 -1.03384772e+01
-3.35726197e-01 1.70524822e-02 9.41805332e-01 1.79725337e+02 9.81323627e-02 9.95028755e-01 1.69651731e-02 -4.09566205e-01 -9.36833930e-01 9.81172138e-02 -3.35730619e-01 -1.11540491e+01
-3.38610404e-01 1.88144522e-02 9.40738625e-01 1.81807981e+02 9.72532323e-02 9.95145072e-01 1.51028584e-02 -4.02328081e-01 -9.35887096e-01 9.66038356e-02 -3.38796240e-01 -1.19038986e+01
-3.41760143e-01 2.02487784e-02 9.39569125e-01 1.83896346e+02 9.71668079e-02 9.95171090e-01 1.38965171e-02 -3.96463860e-01 -9.34750485e-01 9.60441872e-02 -3.42077323e-01 -1.26634278e+01
-3.45155314e-01 2.16402059e-02 9.38296147e-01 1.86199068e+02 9.54529777e-02 9.95359710e-01 1.21564053e-02 -3.96890547e-01 -9.33678956e-01 9.37589883e-02 -3.45619314e-01 -1.35101084e+01
-3.48347640e-01 2.31055917e-02 9.37080681e-01 1.88296905e+02 9.42719143e-02 9.95491129e-01 1.04985429e-02 -3.97816791e-01 -9.32612772e-01 9.19975118e-02 -3.48955192e-01 -1.42897955e+01
-3.52344359e-01 2.30873677e-02 9.35585685e-01 1.90610739e+02 9.50143713e-02 9.95412681e-01 1.12189764e-02 -3.99238432e-01 -9.31034681e-01 9.28470081e-02 -3.52921674e-01 -1.51625749e+01
-3.55816654e-01 2.19415211e-02 9.34298253e-01 1.92719717e+02 9.41658438e-02 9.95478253e-01 1.24836614e-02 -4.01580628e-01 -9.29799526e-01 9.24208575e-02 -3.56273881e-01 -1.59666782e+01
-3.59409404e-01 2.12062240e-02 9.32939078e-01 1.94831840e+02 9.38501266e-02 9.95494436e-01 1.35270730e-02 -4.01284192e-01 -9.28448647e-01 9.24181874e-02 -3.59780268e-01 -1.67806343e+01
-3.63532497e-01 2.13059394e-02 9.31337923e-01 1.97157261e+02 9.40839822e-02 9.95466509e-01 1.39511454e-02 -3.99696380e-01 -9.26818312e-01 9.26956548e-02 -3.63888972e-01 -1.76879567e+01
-3.66857609e-01 2.14455352e-02 9.30029962e-01 1.99273944e+02 9.31402404e-02 9.95557590e-01 1.37833575e-02 -3.98262779e-01 -9.25602640e-01 9.16797234e-02 -3.67225318e-01 -1.85221664e+01
-3.70509746e-01 2.20245168e-02 9.28567496e-01 2.01391043e+02 9.21359633e-02 9.95659635e-01 1.31475039e-02 -3.98683908e-01 -9.24247450e-01 9.04257189e-02 -3.70930847e-01 -1.93653048e+01
-3.73930911e-01 2.20911699e-02 9.27193507e-01 2.03720116e+02 9.21057807e-02 9.95658748e-01 1.34232246e-02 -4.00658914e-01 -9.22871636e-01 9.04192203e-02 -3.74342306e-01 -2.03052546e+01
-3.76641203e-01 2.27151629e-02 9.26080758e-01 2.05837877e+02 9.30790417e-02 9.95568061e-01 1.34360921e-02 -4.03638445e-01 -9.21671066e-01 9.12592751e-02 -3.77086257e-01 -2.11694838e+01
-3.79322806e-01 2.28595526e-02 9.24982051e-01 2.08169409e+02 9.43905410e-02 9.95435283e-01 1.41075975e-02 -4.05725901e-01 -9.20437120e-01 9.26608692e-02 -3.79749029e-01 -2.21354014e+01
-3.81914462e-01 2.25257281e-02 9.23923200e-01 2.10290668e+02 9.52887789e-02 9.95334806e-01 1.51219457e-02 -4.04634634e-01 -9.19272131e-01 9.38147826e-02 -3.82279205e-01 -2.30208074e+01
-3.84316315e-01 2.31368140e-02 9.22911589e-01 2.12412288e+02 9.62810315e-02 9.95238992e-01 1.51430613e-02 -4.02568460e-01 -9.18167083e-01 9.46785844e-02 -3.84714217e-01 -2.39135661e+01
-3.86999483e-01 2.43518056e-02 9.21758392e-01 2.14746286e+02 9.67375225e-02 9.95206866e-01 1.43229310e-02 -4.01063056e-01 -9.16991337e-01 9.47115693e-02 -3.87500274e-01 -2.49012750e+01
-3.89658986e-01 2.45199165e-02 9.20632821e-01 2.16869003e+02 9.60531058e-02 9.95275677e-01 1.41466541e-02 -4.02627592e-01 -9.15936425e-01 9.39419920e-02 -3.90173324e-01 -2.58066192e+01
-3.92263771e-01 2.53315365e-02 9.19503991e-01 2.18991331e+02 9.55013937e-02 9.95340168e-01 1.33204813e-02 -4.05983580e-01 -9.14881674e-01 9.30390344e-02 -3.92855084e-01 -2.67177630e+01
-3.95319253e-01 2.65380960e-02 9.18160422e-01 2.21325307e+02 9.54478035e-02 9.95358118e-01 1.23262115e-02 -4.11966125e-01 -9.13571160e-01 9.25091638e-02 -3.96017229e-01 -2.77282837e+01
-3.97684959e-01 2.65598542e-02 9.17137607e-01 2.23447452e+02 9.36050510e-02 9.95539974e-01 1.17582340e-02 -4.19856583e-01 -9.12734698e-01 9.05247652e-02 -3.98397409e-01 -2.86518785e+01
-4.00509840e-01 2.72063070e-02 9.15888545e-01 2.25567133e+02 9.37760331e-02 9.95527643e-01 1.14354390e-02 -4.29030240e-01 -9.11481094e-01 9.04683804e-02 -4.01269915e-01 -2.95844721e+01
-4.03229697e-01 2.69747058e-02 9.14701218e-01 2.27897409e+02 9.56894641e-02 9.95328541e-01 1.28305650e-02 -4.39019888e-01 -9.10081974e-01 9.27009137e-02 -4.03927219e-01 -3.06217173e+01
-4.05667923e-01 2.63208168e-02 9.13641555e-01 2.30015399e+02 9.57832939e-02 9.95305776e-01 1.38554814e-02 -4.45564212e-01 -9.08987876e-01 9.31323014e-02 -4.06284720e-01 -3.15694446e+01
-4.09048801e-01 2.54948254e-02 9.12156364e-01 2.32342551e+02 9.48332794e-02 9.95384539e-01 1.47061178e-02 -4.47224104e-01 -9.07571259e-01 9.25182788e-02 -4.09578609e-01 -3.26178944e+01
-4.11986617e-01 2.58188539e-02 9.10824107e-01 2.34455682e+02 9.36717369e-02 9.95502569e-01 1.41506590e-02 -4.48605558e-01 -9.06362232e-01 9.11483382e-02 -4.12552232e-01 -3.35768953e+01
-4.15256208e-01 2.52891556e-02 9.09353001e-01 2.36567299e+02 9.21610988e-02 9.95640031e-01 1.43965736e-02 -4.51418870e-01 -9.05024020e-01 8.97852184e-02 -4.15776379e-01 -3.45435593e+01
-4.18918225e-01 2.43259307e-02 9.07698138e-01 2.38888121e+02 9.09909240e-02 9.95734050e-01 1.53086066e-02 -4.53414107e-01 -9.03453394e-01 8.90053269e-02 -4.19344579e-01 -3.56151287e+01
-4.22348324e-01 2.43871750e-02 9.06105567e-01 2.40992529e+02 9.04304288e-02 9.95784472e-01 1.53500488e-02 -4.55172604e-01 -9.01911356e-01 8.84225628e-02 -4.22773244e-01 -3.65972257e+01
-4.25855864e-01 2.38834691e-02 9.04475816e-01 2.43092571e+02 8.96032489e-02 9.95850748e-01 1.58917387e-02 -4.56529394e-01 -9.00343215e-01 8.78115423e-02 -4.26228916e-01 -3.75866096e+01
-4.29957406e-01 2.46355312e-02 9.02513079e-01 2.45395332e+02 8.90875494e-02 9.95906949e-01 1.52564545e-02 -4.58569519e-01 -8.98443043e-01 8.69622848e-02 -4.30392287e-01 -3.86830069e+01
-4.33920491e-01 2.38767733e-02 9.00634801e-01 2.47484860e+02 8.79797830e-02 9.95994023e-01 1.59832842e-02 -4.58166837e-01 -8.96645097e-01 8.61731098e-02 -4.34282888e-01 -3.96871528e+01
-4.37642191e-01 2.39612295e-02 8.98829966e-01 2.49568376e+02 8.78351587e-02 9.96003035e-01 1.62154239e-02 -4.58016577e-01 -8.94848682e-01 8.60454073e-02 -4.37997588e-01 -4.07020617e+01
-4.41337689e-01 2.50704163e-02 8.96990889e-01 2.51854799e+02 8.85347993e-02 9.95948957e-01 1.57246675e-02 -4.59435589e-01 -8.92962765e-01 8.63547776e-02 -4.41769414e-01 -4.18286415e+01
-4.44851414e-01 2.50135906e-02 8.95255089e-01 2.53931205e+02 8.81312318e-02 9.95980935e-01 1.59644314e-02 -4.58945549e-01 -8.91257523e-01 8.60017146e-02 -4.45268005e-01 -4.28615359e+01
-4.48720430e-01 2.52247186e-02 8.93316195e-01 2.56214804e+02 8.71823089e-02 9.96069182e-01 1.56662480e-02 -4.56325004e-01 -8.89409404e-01 8.49111152e-02 -4.49155740e-01 -4.40047784e+01
-4.52221572e-01 2.50889561e-02 8.91552762e-01 2.58291215e+02 8.70180036e-02 9.96076508e-01 1.61077325e-02 -4.53058126e-01 -8.87650486e-01 8.48653868e-02 -4.52630474e-01 -4.50546140e+01
-4.55548561e-01 2.59051983e-02 8.89834009e-01 2.60363160e+02 8.75685506e-02 9.96032653e-01 1.58336256e-02 -4.48140804e-01 -8.85893406e-01 8.51344409e-02 -4.56009721e-01 -4.61117238e+01
-4.59254507e-01 2.70892547e-02 8.87891662e-01 2.62640544e+02 8.91065750e-02 9.95898272e-01 1.57051243e-02 -4.43232952e-01 -8.83824182e-01 8.63296150e-02 -4.59784599e-01 -4.72896564e+01
-4.62356492e-01 2.90090290e-02 8.86219546e-01 2.64708204e+02 9.12200501e-02 9.95717816e-01 1.49978298e-02 -4.40675257e-01 -8.81989368e-01 8.77753160e-02 -4.63022801e-01 -4.83680246e+01
-4.65107353e-01 2.97474682e-02 8.84754413e-01 2.66777187e+02 9.20424882e-02 9.95643446e-01 1.49100819e-02 -4.39109861e-01 -8.80456246e-01 8.83697669e-02 -4.65819118e-01 -4.94559731e+01
-4.68181731e-01 3.19702100e-02 8.83053738e-01 2.69052317e+02 9.40749454e-02 9.95468956e-01 1.38369986e-02 -4.35685797e-01 -8.78610063e-01 8.95514425e-02 -4.69067973e-01 -5.06656861e+01
-4.70716671e-01 3.42620326e-02 8.81619000e-01 2.71125524e+02 9.59281678e-02 9.95309293e-01 1.25379129e-02 -4.32074317e-01 -8.77053860e-01 9.04738801e-02 -4.71795369e-01 -5.17782516e+01
-4.73698591e-01 3.50880389e-02 8.79987844e-01 2.73411614e+02 9.68191090e-02 9.95224313e-01 1.24349444e-02 -4.27149147e-01 -8.75348832e-01 9.10900347e-02 -4.74833546e-01 -5.30164418e+01
-4.76804492e-01 3.62036054e-02 8.78263574e-01 2.75495606e+02 9.75000505e-02 9.95164257e-01 1.19097752e-02 -4.20453852e-01 -8.73585193e-01 9.13093572e-02 -4.78028640e-01 -5.41529416e+01
-4.79947844e-01 3.62467026e-02 8.76547987e-01 2.77584502e+02 9.64738302e-02 9.95267134e-01 1.16676426e-02 -4.14454588e-01 -8.71976341e-01 9.01637819e-02 -4.81173172e-01 -5.52994447e+01
-4.83428239e-01 3.74103607e-02 8.74584319e-01 2.79886902e+02 9.72528022e-02 9.95196836e-01 1.11871111e-02 -4.08762599e-01 -8.69964886e-01 9.04639215e-02 -4.84744515e-01 -5.65762996e+01
-4.86611672e-01 3.77152796e-02 8.72803968e-01 2.81986820e+02 9.63661999e-02 9.95288232e-01 1.07187153e-02 -4.06582277e-01 -8.68287113e-01 8.93246342e-02 -4.87953348e-01 -5.77462789e+01
-4.89316330e-01 3.75539073e-02 8.71297516e-01 2.84091786e+02 9.47180383e-02 9.95450978e-01 1.02881075e-02 -4.05540117e-01 -8.66947459e-01 8.75617114e-02 -4.90647450e-01 -5.89276205e+01
-4.92208388e-01 3.78215952e-02 8.69655425e-01 2.86414372e+02 9.59292451e-02 9.95327296e-01 1.10070106e-02 -4.03782304e-01 -8.65175333e-01 8.88431119e-02 -4.93536640e-01 -6.02444157e+01
-4.94144022e-01 3.78520932e-02 8.68555716e-01 2.88530923e+02 9.74903120e-02 9.95162976e-01 1.20950753e-02 -4.00452219e-01 -8.63896522e-01 9.06524572e-02 -4.95444047e-01 -6.14542339e+01
-4.96120966e-01 3.77711012e-02 8.67431530e-01 2.90653871e+02 9.81692708e-02 9.95087186e-01 1.28174824e-02 -3.94818269e-01 -8.62685723e-01 9.15141226e-02 -4.97391576e-01 -6.26748978e+01
-4.98455745e-01 3.77796339e-02 8.66091621e-01 2.92996676e+02 9.81594738e-02 9.95084649e-01 1.30866220e-02 -3.86506373e-01 -8.61339924e-01 9.15381798e-02 -4.99714088e-01 -6.40252350e+01
-5.00674686e-01 3.71190316e-02 8.64839386e-01 2.95133195e+02 9.75492107e-02 9.95135548e-01 1.37620310e-02 -3.78054504e-01 -8.60121437e-01 9.12546801e-02 -5.01860109e-01 -6.52646797e+01
-5.03367780e-01 3.70510730e-02 8.63277604e-01 2.97490631e+02 9.84562297e-02 9.95032762e-01 1.47028676e-02 -3.66559340e-01 -8.58444597e-01 9.23959878e-02 -5.04515341e-01 -6.66416940e+01
-5.05436676e-01 3.70799667e-02 8.62066685e-01 2.99639984e+02 9.89343273e-02 9.94977729e-01 1.52091372e-02 -3.54229304e-01 -8.57173053e-01 9.29752231e-02 -5.06566716e-01 -6.79040555e+01
-5.07328505e-01 3.77675779e-02 8.60924807e-01 3.01794799e+02 9.85651259e-02 9.95025941e-01 1.44323546e-02 -3.42853838e-01 -8.56097297e-01 9.21790869e-02 -5.08527588e-01 -6.91749487e+01
-5.09734966e-01 4.00332019e-02 8.59399635e-01 3.04170097e+02 9.78973011e-02 9.95127628e-01 1.17099487e-02 -3.32519126e-01 -8.54743389e-01 9.01018555e-02 -5.11170489e-01 -7.05837786e+01
-5.12928337e-01 3.93298877e-02 8.57530061e-01 3.06336605e+02 9.63422764e-02 9.95276175e-01 1.19792616e-02 -3.26270399e-01 -8.53007951e-01 8.87608816e-02 -5.14294483e-01 -7.18777025e+01
-5.17243263e-01 3.70064623e-02 8.55038041e-01 3.08509810e+02 9.36998405e-02 9.95507650e-01 1.35963409e-02 -3.19207178e-01 -8.50693614e-01 8.71495248e-02 -5.18387124e-01 -7.31820679e+01
-5.22433986e-01 3.44944079e-02 8.51981801e-01 3.10904073e+02 9.11228803e-02 9.95718047e-01 1.55625146e-02 -3.07597623e-01 -8.47796692e-01 8.57654034e-02 -5.23340177e-01 -7.46343672e+01
-5.27032581e-01 3.31050145e-02 8.49200117e-01 3.13081122e+02 8.97988418e-02 9.95816351e-01 1.69104957e-02 -2.92710431e-01 -8.45087396e-01 8.51695505e-02 -5.27800452e-01 -7.59725761e+01
-5.31234900e-01 3.34494080e-02 8.46564079e-01 3.15257180e+02 9.00818947e-02 9.95786127e-01 1.71826145e-02 -2.75837555e-01 -8.42421874e-01 8.53880821e-02 -5.32009529e-01 -7.73306155e+01
-5.35624337e-01 3.47087590e-02 8.43742847e-01 3.17650491e+02 9.24167494e-02 9.95562839e-01 1.77138139e-02 -2.52766275e-01 -8.39384058e-01 8.74639021e-02 -5.36455355e-01 -7.88429562e+01
-5.39216161e-01 3.59032075e-02 8.41401813e-01 3.19827812e+02 9.38124021e-02 9.95433531e-01 1.76442465e-02 -2.33671355e-01 -8.36925952e-01 8.84479689e-02 -5.40122012e-01 -8.02355567e+01
-5.43094014e-01 3.57886520e-02 8.38908924e-01 3.22223589e+02 9.42304401e-02 9.95377778e-01 1.85392633e-02 -2.14214977e-01 -8.34367665e-01 8.91193008e-02 -5.43956092e-01 -8.17824694e+01
-5.46893802e-01 3.42701701e-02 8.36500355e-01 3.24399443e+02 9.45532018e-02 9.95297409e-01 2.10418837e-02 -1.96644150e-01 -8.31845386e-01 9.06014431e-02 -5.47562337e-01 -8.32005374e+01
-5.50674835e-01 3.29059915e-02 8.34071064e-01 3.26571028e+02 9.31189590e-02 9.95407277e-01 2.22084180e-02 -1.78213052e-01 -8.29509476e-01 8.98974267e-02 -5.51209908e-01 -8.46288103e+01
-5.54675954e-01 3.27816593e-02 8.31420511e-01 3.28953448e+02 9.23315641e-02 9.95477496e-01 2.23481246e-02 -1.55058142e-01 -8.26927660e-01 8.91623043e-02 -5.55194210e-01 -8.62113871e+01
-5.58561601e-01 3.22310025e-02 8.28836665e-01 3.31115448e+02 9.18828971e-02 9.95499315e-01 2.32088095e-02 -1.33372979e-01 -8.24358149e-01 8.91194446e-02 -5.59009168e-01 -8.76608612e+01
-5.62507331e-01 3.17336454e-02 8.26183148e-01 3.33271967e+02 9.31612581e-02 9.95332120e-01 2.51982498e-02 -1.08480377e-01 -8.21526853e-01 9.11424421e-02 -5.62837960e-01 -8.91233611e+01
-5.66603334e-01 3.20012530e-02 8.23369113e-01 3.35638225e+02 9.37290083e-02 9.95262940e-01 2.58177074e-02 -7.85870126e-02 -8.18642427e-01 9.18019499e-02 -5.66918745e-01 -9.07459827e+01
-5.70144403e-01 3.10902374e-02 8.20956071e-01 3.37785452e+02 9.19848827e-02 9.95416051e-01 2.61852501e-02 -4.76116353e-02 -8.16378607e-01 9.04449022e-02 -5.70390721e-01 -9.22299618e+01
-5.73579641e-01 2.98613993e-02 8.18605403e-01 3.39928035e+02 9.14700543e-02 9.95420269e-01 2.77798244e-02 -1.24562819e-02 -8.14026728e-01 9.08118029e-02 -5.73684223e-01 -9.37268736e+01
-5.76727196e-01 2.88416063e-02 8.16427594e-01 3.42280482e+02 9.15972741e-02 9.95357830e-01 2.95420151e-02 2.93118497e-02 -8.11785421e-01 9.18202059e-02 -5.76691742e-01 -9.53868793e+01
-5.79418610e-01 2.83714006e-02 8.14536218e-01 3.44415899e+02 8.96929535e-02 9.95543473e-01 2.91267582e-02 6.79308435e-02 -8.10079712e-01 8.99347255e-02 -5.79381129e-01 -9.69031405e+01
-5.82549342e-01 2.73660871e-02 8.12334582e-01 3.46762378e+02 8.54095420e-02 9.95960870e-01 2.76975973e-02 1.09566231e-01 -8.08295345e-01 8.55163232e-02 -5.82533674e-01 -9.85764084e+01
-5.85547271e-01 2.65574789e-02 8.10203188e-01 3.48892321e+02 8.24291624e-02 9.96233345e-01 2.69175941e-02 1.45996243e-01 -8.06436432e-01 8.25458760e-02 -5.85530826e-01 -1.00106700e+02
-5.88654109e-01 2.36462520e-02 8.08039173e-01 3.51019415e+02 7.97506191e-02 9.96394663e-01 2.89398422e-02 1.79943519e-01 -8.04441465e-01 8.14771636e-02 -5.88417615e-01 -1.01647829e+02
-5.91898169e-01 2.27267667e-02 8.05692349e-01 3.53349030e+02 8.01166665e-02 9.96310962e-01 3.07536463e-02 2.21002884e-01 -8.02021053e-01 8.27523943e-02 -5.91535427e-01 -1.03355572e+02
-5.94831914e-01 2.26924561e-02 8.03529810e-01 3.55461356e+02 7.94040074e-02 9.96371447e-01 3.06421967e-02 2.59513315e-01 -7.99918677e-01 8.20304258e-02 -5.94475406e-01 -1.04913875e+02
-5.97561843e-01 2.32560002e-02 8.01485565e-01 3.57566101e+02 7.82548500e-02 9.96498905e-01 2.94297620e-02 2.94481388e-01 -7.97994935e-01 8.03062181e-02 -5.97289616e-01 -1.06481788e+02
-6.01032820e-01 1.87251861e-02 7.99005022e-01 3.59881028e+02 7.50624506e-02 9.96629085e-01 3.31073359e-02 3.36660542e-01 -7.95691568e-01 7.98738531e-02 -6.00412347e-01 -1.08216353e+02
-6.04080867e-01 1.62454310e-02 7.96757491e-01 3.61977895e+02 7.24385278e-02 9.96772633e-01 3.45973832e-02 3.85264066e-01 -7.93623879e-01 7.86155399e-02 -6.03308070e-01 -1.09799494e+02
-6.06959361e-01 1.63678338e-02 7.94564368e-01 3.64068212e+02 7.19814429e-02 9.96810788e-01 3.44518015e-02 4.36955545e-01 -7.91466298e-01 7.81047162e-02 -6.06201818e-01 -1.11388333e+02
-6.09868064e-01 1.60641531e-02 7.92340201e-01 3.66357718e+02 7.12675113e-02 9.96855410e-01 3.46443835e-02 4.92153355e-01 -7.89291950e-01 7.75966005e-02 -6.09095131e-01 -1.13145366e+02
-6.12387201e-01 1.58539212e-02 7.90399061e-01 3.68432871e+02 7.11091229e-02 9.96850814e-01 3.50991296e-02 5.40618960e-01 -7.87353355e-01 7.76988248e-02 -6.11586036e-01 -1.14750646e+02
-6.15374120e-01 1.42681649e-02 7.88106095e-01 3.70707425e+02 7.03301868e-02 9.96842205e-01 3.68684685e-02 5.93876870e-01 -7.85091239e-01 7.81155333e-02 -6.14434376e-01 -1.16525117e+02
-6.18051612e-01 1.35949192e-02 7.86020030e-01 3.72767837e+02 6.78252746e-02 9.97044378e-01 3.60865860e-02 6.41097112e-01 -7.83206125e-01 7.56153806e-02 -6.17146963e-01 -1.18141854e+02
-6.20799256e-01 1.08209659e-02 7.83894952e-01 3.74824591e+02 5.91600448e-02 9.97700292e-01 3.30789571e-02 6.85321161e-01 -7.81734144e-01 6.69106377e-02 -6.20011766e-01 -1.19756525e+02
