1.00000000e+00 2.93973063e-18 -2.49123656e-17 -1.11022302e-16 -8.24939363e-19 1.00000000e+00 1.38237578e-18 0.00000000e+00 -1.57682254e-17 2.70352149e-20 1.00000000e+00 0.00000000e+00
9.99996795e-01 -2.20140921e-03 -1.25046534e-03 5.55835472e-03 2.20470351e-03 9.99994087e-01 2.63918264e-03 -2.94391403e-02 1.24464780e-03 -2.64193058e-03 9.99995736e-01 1.47641966e+00
9.99991410e-01 -2.99946065e-03 -2.86071842e-03 5.62599674e-03 3.00958163e-03 9.99989205e-01 3.54017370e-03 -6.08249157e-02 2.85006843e-03 -3.54875216e-03 9.99989642e-01 3.09120626e+00
9.99988913e-01 -2.14805172e-03 -4.19043430e-03 3.41843933e-03 2.16126775e-03 9.99992697e-01 3.15186814e-03 -8.81327022e-02 4.18363261e-03 -3.16088922e-03 9.99986253e-01 4.55077872e+00
9.99982519e-01 -1.54007728e-03 -5.70882639e-03 -7.19795301e-03 1.55848951e-03 9.99993594e-01 3.22216997e-03 -1.11730181e-01 5.70382645e-03 -3.23101014e-03 9.99978513e-01 6.15714608e+00
9.99974684e-01 -1.63635720e-03 -6.92482050e-03 -1.83852343e-02 1.66168731e-03 9.99991945e-01 3.65369649e-03 -1.31377055e-01 6.91878478e-03 -3.66511014e-03 9.99969348e-01 7.61539615e+00
9.99962613e-01 -1.70509393e-03 -8.47739681e-03 -3.14035309e-02 1.73781218e-03 9.99991065e-01 3.85359701e-03 -1.52443414e-01 8.47074888e-03 -3.86818427e-03 9.99956641e-01 9.06797655e+00
9.99940081e-01 -3.58886086e-03 -1.03418995e-02 -4.54591228e-02 3.62001610e-03 9.99988962e-01 2.99537446e-03 -1.74900062e-01 1.03310336e-02 -3.03263220e-03 9.99942035e-01 1.06601210e+01
9.99921012e-01 -4.72400732e-03 -1.16470701e-02 -6.20154579e-02 4.76245827e-03 9.99983294e-01 3.27580953e-03 -1.89046953e-01 1.16313986e-02 -3.33101878e-03 9.99926805e-01 1.21038574e+01
9.99905681e-01 -4.77993415e-03 -1.28756280e-02 -8.10945509e-02 4.82405809e-03 9.99982591e-01 3.39805146e-03 -2.05080686e-01 1.28591592e-02 -3.45984302e-03 9.99911332e-01 1.35424115e+01
9.99891840e-01 -4.19884968e-03 -1.40953498e-02 -1.08619702e-01 4.24207373e-03 9.99986387e-01 3.03804332e-03 -2.25473502e-01 1.40823993e-02 -3.09750758e-03 9.99896040e-01 1.51209712e+01
9.99890531e-01 -2.64988116e-03 -1.45569489e-02 -1.38080528e-01 2.70328782e-03 9.99989684e-01 3.65035312e-03 -2.48945564e-01 1.45471233e-02 -3.68930437e-03 9.99887379e-01 1.65531329e+01
9.99887186e-01 -1.11066765e-03 -1.49793595e-02 -1.71312147e-01 1.17579250e-03 9.99989893e-01 4.33953185e-03 -2.71153927e-01 1.49743858e-02 -4.35665401e-03 9.99878386e-01 1.79821790e+01
9.99878517e-01 -3.55245771e-05 -1.55868528e-02 -2.06500069e-01 1.16513378e-04 9.99986499e-01 5.19509165e-03 -2.95968959e-01 1.55864551e-02 -5.19627555e-03 9.99865021e-01 1.95488726e+01
9.99871903e-01 -4.41331821e-05 -1.60055160e-02 -2.38184101e-01 1.30493968e-04 9.99985440e-01 5.39468494e-03 -3.12851948e-01 1.60050422e-02 -5.39608141e-03 9.99857350e-01 2.09669174e+01
9.99863467e-01 4.58311321e-04 -1.65178133e-02 -2.69206641e-01 -3.67148773e-04 9.99984688e-01 5.52165553e-03 -3.28420937e-01 1.65200882e-02 -5.51483601e-03 9.99848325e-01 2.25185361e+01
9.99862365e-01 1.11318376e-03 -1.65533348e-02 -2.98065273e-01 -1.01268061e-03 9.99981012e-01 6.07861972e-03 -3.41388073e-01 1.65597843e-02 -6.06101861e-03 9.99844507e-01 2.39230598e+01
9.99861407e-01 2.02864602e-03 -1.65242402e-02 -3.27872437e-01 -1.90909561e-03 9.99971915e-01 7.24741823e-03 -3.55982234e-01 1.65384757e-02 -7.21486598e-03 9.99837199e-01 2.53225842e+01
9.99861731e-01 2.37856588e-03 -1.64578871e-02 -3.59428207e-01 -2.27492740e-03 9.99977485e-01 6.31305434e-03 -3.70583502e-01 1.64725298e-02 -6.27473966e-03 9.99844630e-01 2.68523625e+01
9.99861822e-01 2.76874312e-03 -1.63912095e-02 -3.88128394e-01 -2.70769680e-03 9.99989320e-01 3.74535895e-03 -3.90014572e-01 1.64014016e-02 -3.70045822e-03 9.99858640e-01 2.82331647e+01
9.99869561e-01 1.19958230e-03 -1.61066081e-02 -4.14722623e-01 -1.14231556e-03 9.99992996e-01 3.56421226e-03 -4.11591082e-01 1.61107681e-02 -3.54534777e-03 9.99863928e-01 2.96092561e+01
9.99874784e-01 1.67483677e-04 -1.58236912e-02 -4.43436387e-01 -6.52003774e-05 9.99979105e-01 6.46422982e-03 -4.35163935e-01 1.58244405e-02 -6.46238737e-03 9.99853902e-01 3.11160677e+01
9.99876292e-01 -1.45559098e-03 -1.56614517e-02 -4.67579660e-01 1.58177493e-03 9.99966366e-01 8.04760733e-03 -4.53450188e-01 1.56492082e-02 -8.07138306e-03 9.99844965e-01 3.24765023e+01
9.99878523e-01 -2.45442851e-03 -1.53920421e-02 -4.95185211e-01 2.56516060e-03 9.99970944e-01 7.17849831e-03 -4.68255629e-01 1.53739732e-02 -7.21710790e-03 9.99855767e-01 3.39563946e+01
9.99884821e-01 -2.35589899e-03 -1.49931160e-02 -5.23456166e-01 2.43924726e-03 9.99981661e-01 5.54324232e-03 -4.84349890e-01 1.49797792e-02 -5.57917464e-03 9.99872231e-01 3.52901465e+01
9.99895250e-01 -1.58739208e-03 -1.43864266e-02 -5.54305096e-01 1.65109871e-03 9.99988880e-01 4.41744854e-03 -5.01823434e-01 1.43792519e-02 -4.44073831e-03 9.99886752e-01 3.66108623e+01
9.99909539e-01 -8.59110470e-04 -1.34229335e-02 -5.84286412e-01 9.11626732e-04 9.99991953e-01 3.90679787e-03 -5.24050772e-01 1.34194669e-02 -3.91868036e-03 9.99902276e-01 3.80475471e+01
9.99924094e-01 -3.25025098e-04 -1.23167146e-02 -6.11225152e-01 3.81318899e-04 9.99989492e-01 4.56844770e-03 -5.44326790e-01 1.23150982e-02 -4.57279659e-03 9.99913710e-01 3.93380272e+01
9.99941902e-01 3.45045327e-04 -1.07737011e-02 -6.34602996e-01 -2.71744002e-04 9.99976813e-01 6.80445165e-03 -5.64012889e-01 1.07757972e-02 -6.80112728e-03 9.99918810e-01 4.06127233e+01
9.99959467e-01 -2.74053719e-04 -8.99936348e-03 -6.56600076e-01 3.46190442e-04 9.99967818e-01 8.01517948e-03 -5.83779084e-01 8.99687573e-03 -8.01796852e-03 9.99927382e-01 4.19942421e+01
9.99976813e-01 5.75950071e-05 -6.80954784e-03 -6.73252383e-01 2.48013517e-07 9.99963925e-01 8.49409528e-03 -6.00598109e-01 6.80979022e-03 -8.49389835e-03 9.99940738e-01 4.32306523e+01
9.99994900e-01 3.75642985e-06 -3.19375012e-03 -6.87121194e-01 2.26234019e-05 9.99965887e-01 8.25975572e-03 -6.18224051e-01 3.19367162e-03 -8.25978424e-03 9.99960787e-01 4.45701289e+01
9.99999615e-01 -7.98384572e-04 3.63794337e-04 -6.93871439e-01 7.96119304e-04 9.99980556e-01 6.18499223e-03 -6.34806779e-01 -3.68725230e-04 -6.18469904e-03 9.99980807e-01 4.57680437e+01
9.99989397e-01 -1.03981880e-03 4.48608113e-03 -6.96887719e-01 1.01887342e-03 9.99988582e-01 4.66873748e-03 -6.54206036e-01 -4.49088381e-03 -4.66411636e-03 9.99979039e-01 4.71897639e+01
9.99967426e-01 -6.73456151e-04 8.04326558e-03 -7.00367433e-01 6.31933395e-04 9.99986468e-01 5.16385274e-03 -6.64549853e-01 -8.04663302e-03 -5.15860077e-03 9.99954319e-01 4.82479533e+01
9.99913534e-01 -2.73971027e-04 1.31472504e-02 -6.97798318e-01 2.05539739e-04 9.99986427e-01 5.20605769e-03 -6.77687817e-01 -1.31484961e-02 -5.20290432e-03 9.99900018e-01 4.94138288e+01
9.99809933e-01 1.11808729e-03 1.94639928e-02 -6.91180926e-01 -1.19917062e-03 9.99990650e-01 4.15463707e-03 -6.89058614e-01 -1.94591624e-02 -4.17718734e-03 9.99801926e-01 5.05690292e+01
9.99621513e-01 2.73968723e-03 2.73737975e-02 -6.75582021e-01 -2.84771251e-03 9.99988309e-01 3.90809534e-03 -7.01790084e-01 -2.73627659e-02 -3.98456824e-03 9.99617628e-01 5.18264986e+01
9.99364462e-01 3.68917182e-03 3.54550767e-02 -6.48158031e-01 -3.87707877e-03 9.99978794e-01 5.23256673e-03 -7.11949346e-01 -3.54350151e-02 -5.36670247e-03 9.99357573e-01 5.29611637e+01
9.98905076e-01 6.05050630e-03 4.63900880e-02 -6.07478955e-01 -6.32045758e-03 9.99963924e-01 5.67468186e-03 -7.22818938e-01 -4.63540720e-02 -5.96167414e-03 9.98907282e-01 5.41933833e+01
9.98231848e-01 8.25562813e-03 5.88644417e-02 -5.59787747e-01 -8.61114141e-03 9.99946170e-01 5.78841258e-03 -7.29281944e-01 -5.88134761e-02 -6.28506686e-03 9.98249204e-01 5.52983769e+01
9.97277510e-01 1.02337992e-02 7.30262913e-02 -4.95931756e-01 -1.07201158e-02 9.99922876e-01 6.27062080e-03 -7.38314709e-01 -7.29564747e-02 -7.03639835e-03 9.97310303e-01 5.63894921e+01
9.95833479e-01 1.26437382e-02 9.03095751e-02 -4.07877430e-01 -1.33692778e-02 9.99882996e-01 7.43348992e-03 -7.46573336e-01 -9.02050062e-02 -8.60989064e-03 9.95886000e-01 5.75756227e+01
9.94147737e-01 1.28691761e-02 1.07259795e-01 -3.05440020e-01 -1.38949279e-02 9.99864548e-01 8.82136624e-03 -7.54548764e-01 -1.07131724e-01 -1.02601069e-02 9.94191894e-01 5.86409987e+01
9.92010853e-01 1.25755711e-02 1.25524200e-01 -1.83909792e-01 -1.37227052e-02 9.99871571e-01 8.27821346e-03 -7.62778949e-01 -1.25403955e-01 -9.93460780e-03 9.92056021e-01 5.96922329e+01
9.89082152e-01 1.16247300e-02 1.46905977e-01 -2.78416778e-02 -1.27718610e-02 9.99894851e-01 6.86773867e-03 -7.70482534e-01 -1.46810670e-01 -8.66901941e-03 9.89126621e-01 6.08320854e+01
9.85932262e-01 9.20554189e-03 1.66891695e-01 1.36980663e-01 -1.03805846e-02 9.99927086e-01 6.16976380e-03 -7.79248146e-01 -1.66822703e-01 -7.81540174e-03 9.85955933e-01 6.18543179e+01
9.81795132e-01 3.56828870e-03 1.89909430e-01 3.51414170e-01 -5.26715900e-03 9.99950496e-01 8.44170270e-03 -7.90374921e-01 -1.89869874e-01 -9.28830479e-03 9.81765325e-01 6.29610238e+01
9.77292017e-01 -1.73397454e-03 2.11889863e-01 5.69177884e-01 -4.52890470e-04 9.99947141e-01 1.02717950e-02 -7.98476796e-01 -2.11896438e-01 -1.01345051e-02 9.77239574e-01 6.39507789e+01
9.72078528e-01 -6.67124020e-03 2.34560950e-01 8.12747083e-01 4.47069237e-03 9.99940880e-01 9.91205887e-03 -8.01654327e-01 -2.34613169e-01 -8.58664909e-03 9.72050884e-01 6.49216606e+01
9.65292211e-01 -1.34216653e-02 2.60827178e-01 1.10572321e+00 1.17717167e-02 9.99899605e-01 7.88710631e-03 -8.04963982e-01 -2.60906806e-01 -4.54297887e-03 9.65353297e-01 6.59667256e+01
9.58163822e-01 -1.72648881e-02 2.85699190e-01 1.39662854e+00 1.56122299e-02 9.99845624e-01 8.06144810e-03 -8.04044695e-01 -2.85794216e-01 -3.26378706e-03 9.58285448e-01 6.69002591e+01
9.49124725e-01 -2.02671471e-02 3.14247538e-01 1.73583243e+00 1.77859607e-02 9.99783905e-01 1.07611757e-02 -8.09430099e-01 -3.14397676e-01 -4.62450396e-03 9.49280095e-01 6.79093100e+01
9.39853140e-01 -2.43582446e-02 3.40709216e-01 2.07442113e+00 2.08748264e-02 9.99685652e-01 1.38866723e-02 -8.10902748e-01 -3.40940312e-01 -5.93918713e-03 9.40066174e-01 6.88087526e+01
9.29486718e-01 -2.80270806e-02 3.67789267e-01 2.43403230e+00 2.47029706e-02 9.99600357e-01 1.37437332e-02 -8.12324650e-01 -3.68027417e-01 -3.68913083e-03 9.29807608e-01 6.96846311e+01
9.16805315e-01 -2.74010966e-02 3.98393299e-01 2.84992943e+00 2.55816460e-02 9.99623880e-01 9.88320355e-03 -8.13261067e-01 -3.98514199e-01 1.13058094e-03 9.17161452e-01 7.06250977e+01
9.04210500e-01 -2.86146525e-02 4.26127450e-01 3.25165348e+00 2.94373209e-02 9.99555780e-01 4.65683895e-03 -8.15815177e-01 -4.26071338e-01 8.33328445e-03 9.04651171e-01 7.14568898e+01
8.90684911e-01 -3.06290029e-02 4.53588235e-01 3.67768482e+00 3.35279200e-02 9.99436418e-01 1.65111961e-03 -8.20642446e-01 -4.53383096e-01 1.37372382e-02 8.91209864e-01 7.22720261e+01
8.74222564e-01 -3.19907339e-02 4.84470371e-01 4.17414959e+00 3.37992257e-02 9.99416119e-01 5.00342163e-03 -8.25804771e-01 -4.84347479e-01 1.20006150e-02 8.74793385e-01 7.31549644e+01
8.57337622e-01 -3.12384265e-02 5.13805805e-01 4.64585764e+00 2.99699379e-02 9.99492891e-01 1.07593772e-02 -8.31693384e-01 -5.13881269e-01 6.17430595e-03 8.57839073e-01 7.39422548e+01
8.36691540e-01 -3.11471784e-02 5.46788049e-01 5.19350404e+00 2.70422524e-02 9.99513241e-01 1.55562917e-02 -8.36807357e-01 -5.47006337e-01 1.77056017e-03 8.37126563e-01 7.47808591e+01
8.16401634e-01 -2.59257358e-02 5.76902318e-01 5.70958968e+00 2.41499833e-02 9.99650568e-01 1.07480778e-02 -8.38776795e-01 -5.76979284e-01 5.15742979e-03 8.16742463e-01 7.55123182e+01
7.95373372e-01 -1.92629962e-02 6.05813665e-01 6.24736161e+00 2.14592298e-02 9.99763187e-01 3.61552396e-03 -8.39336683e-01 -6.05739744e-01 1.01245988e-02 7.95598387e-01 7.62181018e+01
7.71617983e-01 -1.65138476e-02 6.35871881e-01 6.86964182e+00 2.05989824e-02 9.99787350e-01 9.68417718e-04 -8.43025797e-01 -6.35752547e-01 1.23510602e-02 7.71794067e-01 7.69693966e+01
7.49255942e-01 -1.93103038e-02 6.61999032e-01 7.46391386e+00 2.19682796e-02 9.99749428e-01 4.29849632e-03 -8.49662966e-01 -6.61916047e-01 1.13223012e-02 7.49492414e-01 7.76285163e+01
7.25811702e-01 -1.96023976e-02 6.87614135e-01 8.07397634e+00 2.11025444e-02 9.99757930e-01 6.22613458e-03 -8.60798877e-01 -6.87569615e-01 9.99140181e-03 7.26049666e-01 7.82620328e+01
6.98987702e-01 -1.82302915e-02 7.14901346e-01 8.76288499e+00 2.27014922e-02 9.99736850e-01 3.29755870e-03 -8.69329800e-01 -7.14773214e-01 1.39243689e-02 6.99217619e-01 7.89253130e+01
6.73841257e-01 -1.58721976e-02 7.38705709e-01 9.40743328e+00 2.29438243e-02 9.99736604e-01 5.51667400e-04 -8.75121417e-01 -7.38519768e-01 1.65769917e-02 6.74027940e-01 7.95019370e+01
6.45272886e-01 -1.33919935e-02 7.63834834e-01 1.01387865e+01 2.08673895e-02 9.99782247e-01 -9.96095173e-05 -8.83927060e-01 -7.63667045e-01 1.60035083e-02 6.45411834e-01 8.01139394e+01
6.18475977e-01 -1.23754231e-02 7.85706318e-01 1.08269016e+01 2.11911620e-02 9.99775006e-01 -9.33667015e-04 -8.95320402e-01 -7.85517852e-01 1.72274741e-02 6.18599074e-01 8.06447548e+01
5.91003765e-01 -6.60022883e-03 8.06641863e-01 1.15304941e+01 2.02795765e-02 9.99772047e-01 -6.67779010e-03 -9.08695224e-01 -8.06413776e-01 2.03049475e-02 5.91002895e-01 8.11515374e+01
5.59317082e-01 3.08257996e-03 8.28948137e-01 1.23217297e+01 1.88968440e-02 9.99685811e-01 -1.64677903e-02 -9.44133041e-01 -8.28738315e-01 2.48752121e-02 5.59083101e-01 8.16999786e+01
5.29802962e-01 1.12267315e-02 8.48046522e-01 1.30606108e+01 1.83659988e-02 9.99526041e-01 -2.47059296e-02 -9.88594969e-01 -8.47921806e-01 2.86644873e-02 5.29345668e-01 8.21823921e+01
4.99344778e-01 1.63251641e-02 8.66249622e-01 1.38217715e+01 1.62105069e-02 9.99471406e-01 -2.81802999e-02 -1.04121146e+00 -8.66251629e-01 2.81140224e-02 4.98816189e-01 8.26471308e+01
4.65057156e-01 1.57877797e-02 8.85139943e-01 1.46861908e+01 1.37258337e-02 9.99592196e-01 -2.50408378e-02 -1.09105876e+00 -8.85174170e-01 2.37946966e-02 4.64650804e-01 8.31191588e+01
4.33329202e-01 1.41560559e-02 9.01124600e-01 1.54899585e+01 9.44825364e-03 9.99750326e-01 -2.02488450e-02 -1.14000204e+00 -9.01186105e-01 1.72884630e-02 4.33087263e-01 8.35263014e+01
3.97011582e-01 1.51951228e-02 9.17687885e-01 1.63907741e+01 5.06284410e-03 9.99811474e-01 -1.87452322e-02 -1.18335840e+00 -9.17799558e-01 1.20881793e-02 3.96859806e-01 8.39322328e+01
3.63176759e-01 1.80263164e-02 9.31545941e-01 1.72251093e+01 -1.37424664e-03 9.99822099e-01 -1.88117635e-02 -1.22305502e+00 -9.31719167e-01 5.55181695e-03 3.63136924e-01 8.42766093e+01
3.28664439e-01 2.02049857e-02 9.44230690e-01 1.80760246e+01 -6.67734811e-03 9.99795858e-01 -1.90697693e-02 -1.25638099e+00 -9.44423077e-01 -3.74054306e-05 3.28732261e-01 8.45867336e+01
2.90463873e-01 1.93244283e-02 9.56690890e-01 1.90320929e+01 -9.68305212e-03 9.99804226e-01 -1.72553910e-02 -1.29302781e+00 -9.56836884e-01 -4.25162269e-03 2.90594129e-01 8.48907569e+01
2.55551020e-01 1.89788616e-02 9.66609350e-01 1.99164240e+01 -1.04737291e-02 9.99802975e-01 -1.68615764e-02 -1.33245777e+00 -9.66738754e-01 -5.81501384e-03 2.55699451e-01 8.51293189e+01
2.20993409e-01 1.81949874e-02 9.75105643e-01 2.08146605e+01 -9.94589877e-03 9.99816010e-01 -1.64019859e-02 -1.38596873e+00 -9.75224503e-01 -6.07357355e-03 2.21133715e-01 8.53375382e+01
1.83544703e-01 1.72157208e-02 9.82860684e-01 2.18160106e+01 -7.79185045e-03 9.99840700e-01 -1.60580570e-02 -1.44176483e+00 -9.82980399e-01 -4.71093471e-03 1.83649608e-01 8.55273834e+01
1.50214923e-01 1.54232514e-02 9.88533138e-01 2.27347329e+01 -5.25287882e-04 9.99879412e-01 -1.55204640e-02 -1.48551955e+00 -9.88653142e-01 1.81213700e-03 1.50204911e-01 8.56591117e+01
1.14610587e-01 1.89587387e-02 9.93229654e-01 2.37486144e+01 3.20327000e-03 9.99805624e-01 -1.94539003e-02 -1.53685652e+00 -9.93405247e-01 5.41120119e-03 1.14527581e-01 8.57710217e+01
8.31592244e-02 2.45266856e-02 9.96234487e-01 2.46733991e+01 3.66142218e-03 9.99682813e-01 -2.49172228e-02 -1.57822966e+00 -9.96529463e-01 5.71972743e-03 8.30430462e-02 8.58471284e+01
5.47619977e-02 2.81158238e-02 9.98103598e-01 2.56011559e+01 1.02133917e-02 9.99535416e-01 -2.87165360e-02 -1.63486123e+00 -9.98447115e-01 1.17665922e-02 5.44493996e-02 8.58902723e+01
2.75967821e-02 2.75325634e-02 9.99239983e-01 2.66338112e+01 1.31876425e-02 9.99523596e-01 -2.79046017e-02 -1.68769266e+00 -9.99532058e-01 1.39476908e-02 2.72205466e-02 8.59119719e+01
5.85173686e-03 2.37438313e-02 9.99701033e-01 2.75798631e+01 1.40680319e-02 9.99617176e-01 -2.38241964e-02 -1.73891102e+00 -9.99883833e-01 1.42032329e-02 5.51546905e-03 8.59156889e+01
-1.27122209e-02 2.04513526e-02 9.99710113e-01 2.85296255e+01 1.42926888e-02 9.99692391e-01 -2.02692547e-02 -1.78234205e+00 -9.99816958e-01 1.40308722e-02 -1.30006140e-02 8.59001483e+01
-3.02055408e-02 2.36098052e-02 9.99264915e-01 2.95699182e+01 1.63625095e-02 9.99598715e-01 -2.31230997e-02 -1.85087858e+00 -9.99409688e-01 1.56520296e-02 -3.05797341e-02 8.58662357e+01
-4.44636982e-02 2.91484421e-02 9.98585758e-01 3.05166378e+01 1.89431585e-02 9.99419135e-01 -2.83293032e-02 -1.90853718e+00 -9.98831301e-01 1.76567360e-02 -4.49900330e-02 8.58173062e+01
-5.60948329e-02 3.29800417e-02 9.97880681e-01 3.14678199e+01 2.31136967e-02 9.99229334e-01 -3.17253137e-02 -1.96478691e+00 -9.98157783e-01 2.12850778e-02 -5.68138918e-02 8.57563121e+01
-6.57102092e-02 3.70694509e-02 9.97150035e-01 3.25171388e+01 2.94278418e-02 9.98947031e-01 -3.51970309e-02 -2.03433102e+00 -9.97404633e-01 2.70311608e-02 -6.67318910e-02 8.56754809e+01
-7.12827742e-02 4.19382055e-02 9.96574192e-01 3.34731505e+01 3.29069675e-02 9.98670722e-01 -3.96726821e-02 -2.09437715e+00 -9.96913101e-01 2.99662466e-02 -7.25680774e-02 8.55959816e+01
-7.48519283e-02 4.71944582e-02 9.96077326e-01 3.44308196e+01 3.47353738e-02 9.98396660e-01 -4.46941143e-02 -2.16093700e+00 -9.96589422e-01 3.12536683e-02 -7.63712310e-02 8.55172096e+01
-7.77575448e-02 5.10472945e-02 9.95664655e-01 3.54892961e+01 3.70952839e-02 9.98144893e-01 -4.82774725e-02 -2.23007283e+00 -9.96281856e-01 3.31805157e-02 -7.95069088e-02 8.54254725e+01
-8.03589596e-02 5.44925787e-02 9.95275421e-01 3.64538375e+01 3.75220463e-02 9.97962168e-01 -5.16101511e-02 -2.29968533e+00 -9.96059419e-01 3.31974227e-02 -8.22398733e-02 8.53421280e+01
-8.28435938e-02 5.72883962e-02 9.94914642e-01 3.75174096e+01 3.84685111e-02 9.97786073e-01 -5.42505938e-02 -2.37410339e+00 -9.95819735e-01 3.37785610e-02 -8.48639822e-02 8.52472528e+01
-8.46747006e-02 6.12613589e-02 9.94523709e-01 3.84851282e+01 3.95075442e-02 9.97529719e-01 -5.80828319e-02 -2.44568616e+00 -9.95625021e-01 3.43730331e-02 -8.68858149e-02 8.51578604e+01
-8.66228763e-02 6.29700157e-02 9.94249175e-01 3.94590925e+01 4.21998381e-02 9.97336573e-01 -5.94889559e-02 -2.52804624e+00 -9.95346916e-01 3.68040394e-02 -8.90494857e-02 8.50575765e+01
-8.87785771e-02 6.20068290e-02 9.94119552e-01 4.05364757e+01 4.24716619e-02 9.97388346e-01 -5.84178549e-02 -2.62168614e+00 -9.95145394e-01 3.70356451e-02 -9.11802499e-02 8.49477011e+01
-9.11833732e-02 6.07681574e-02 9.93978365e-01 4.15183234e+01 4.13520191e-02 9.97506525e-01 -5.71904134e-02 -2.70204272e+00 -9.94975093e-01 3.58881874e-02 -9.34688945e-02 8.48481594e+01
-9.30765870e-02 6.22807845e-02 9.93709223e-01 4.25005378e+01 4.19257311e-02 9.97401628e-01 -5.85852153e-02 -2.77782863e+00 -9.94775761e-01 3.62090636e-02 -9.54459055e-02 8.47452362e+01
-9.57023402e-02 6.43009606e-02 9.93331070e-01 4.35842995e+01 4.06442144e-02 9.97331612e-01 -6.06440827e-02 -2.86316825e+00 -9.94579782e-01 3.45693704e-02 -9.80604300e-02 8.46316203e+01
-9.82253297e-02 6.67470427e-02 9.92923352e-01 4.45763589e+01 3.93452999e-02 9.97228538e-01 -6.31442179e-02 -2.94436641e+00 -9.94386024e-01 3.28644959e-02 -1.00579283e-01 8.45220019e+01
-1.00918051e-01 7.03630495e-02 9.92403524e-01 4.56710953e+01 3.69824312e-02 9.97071830e-01 -6.69332954e-02 -3.03666534e+00 -9.94207061e-01 2.99467083e-02 -1.03224741e-01 8.43984574e+01
-1.03055004e-01 7.45599285e-02 9.91877336e-01 4.66676546e+01 3.37950989e-02 9.96873348e-01 -7.14242259e-02 -3.12110451e+00 -9.94101298e-01 2.61599606e-02 -1.05252546e-01 8.42867630e+01
-1.05482627e-01 7.71707653e-02 9.91422339e-01 4.76699059e+01 3.16210362e-02 9.96740409e-01 -7.42204075e-02 -3.20853955e+00 -9.93918185e-01 2.35208303e-02 -1.07579015e-01 8.41706517e+01
-1.08355737e-01 7.55146306e-02 9.91240001e-01 4.87796747e+01 2.96669674e-02 9.96912249e-01 -7.27037788e-02 -3.30271936e+00 -9.93669331e-01 2.15292059e-02 -1.10261450e-01 8.40411977e+01
-1.11328421e-01 7.12238723e-02 9.91228182e-01 4.97949185e+01 2.64061852e-02 9.97288278e-01 -6.86935603e-02 -3.39777333e+00 -9.93432700e-01 1.85270026e-02 -1.12907278e-01 8.39197284e+01
-1.13838509e-01 6.95729133e-02 9.91060326e-01 5.08107981e+01 2.62674772e-02 9.97407065e-01 -6.70012527e-02 -3.48630278e+00 -9.93151875e-01 1.84053251e-02 -1.15370836e-01 8.37931109e+01
-1.15848919e-01 6.99014252e-02 9.90804211e-01 5.19301742e+01 2.59987590e-02 9.97392214e-01 -6.73263466e-02 -3.58175818e+00 -9.92926446e-01 1.79599887e-02 -1.17364159e-01 8.36505437e+01
-1.17135481e-01 7.25852494e-02 9.90459906e-01 5.29484232e+01 2.73542752e-02 9.97182886e-01 -6.98429395e-02 -3.66576713e+00 -9.92739068e-01 1.89122197e-02 -1.18791013e-01 8.35182387e+01
-1.17745632e-01 7.53515490e-02 9.90180931e-01 5.39703225e+01 2.79303700e-02 9.96973820e-01 -7.25472083e-02 -3.75246325e+00 -9.92650842e-01 1.91139960e-02 -1.19493908e-01 8.33843644e+01
-1.18196987e-01 7.65663912e-02 9.90033952e-01 5.51006808e+01 2.70308710e-02 9.96901449e-01 -7.38703946e-02 -3.85277515e+00 -9.92622102e-01 1.80302153e-02 -1.19900402e-01 8.32374229e+01
-1.18065881e-01 7.48257007e-02 9.90182674e-01 5.61344414e+01 2.38243087e-02 9.97083355e-01 -7.25064619e-02 -3.94291850e+00 -9.92719842e-01 1.50298723e-02 -1.19504194e-01 8.31078107e+01
-1.18309251e-01 7.45224194e-02 9.90176497e-01 5.72735618e+01 1.98541655e-02 9.97157994e-01 -7.26756437e-02 -4.04515994e+00 -9.92778206e-01 1.10609217e-02 -1.19452595e-01 8.29663446e+01
-1.18408460e-01 7.53537085e-02 9.90101722e-01 5.83118870e+01 1.62790508e-02 9.97129686e-01 -7.39417582e-02 -4.13591968e+00 -9.92831437e-01 7.36258190e-03 -1.19295277e-01 8.28395798e+01
-1.18768323e-01 7.57280817e-02 9.90030054e-01 5.93557380e+01 1.23664289e-02 9.97122842e-01 -7.47871034e-02 -4.23054197e+00 -9.92844898e-01 3.36079360e-03 -1.19363092e-01 8.27107051e+01
-1.19286578e-01 7.46784606e-02 9.90047476e-01 6.05115340e+01 8.63232969e-03 9.97207619e-01 -7.41784919e-02 -4.33367827e+00 -9.92822255e-01 -3.02085362e-04 -1.19598132e-01 8.25685479e+01
-1.19666670e-01 6.99748197e-02 9.90345181e-01 6.15767363e+01 8.50792980e-03 9.97548751e-01 -6.94557803e-02 -4.42518525e+00 -9.92777587e-01 1.14242138e-04 -1.19968676e-01 8.24294110e+01
-1.19968567e-01 6.17641763e-02 9.90854629e-01 6.26410185e+01 1.13317771e-02 9.98083037e-01 -6.08427666e-02 -4.50273998e+00 -9.92712933e-01 3.92892024e-03 -1.20438489e-01 8.22909226e+01
-1.19972609e-01 5.48540579e-02 9.91260698e-01 6.38165130e+01 1.63551732e-02 9.98446082e-01 -5.32722244e-02 -4.57435401e+00 -9.92642390e-01 9.82102755e-03 -1.20683328e-01 8.21322201e+01
-1.19208807e-01 5.74032650e-02 9.91208500e-01 6.48799826e+01 2.48876971e-02 9.98186357e-01 -5.48142388e-02 -4.63442488e+00 -9.92557150e-01 1.81345502e-02 -1.20421239e-01 8.19825637e+01
-1.17906748e-01 6.37097505e-02 9.90978926e-01 6.60514646e+01 3.12978590e-02 9.97682435e-01 -6.04169130e-02 -4.70007569e+00 -9.92531247e-01 2.38919492e-02 -1.19627469e-01 8.18202883e+01
-1.17063521e-01 6.91687548e-02 9.90712865e-01 6.71200769e+01 3.45432705e-02 9.97251622e-01 -6.55436268e-02 -4.76846993e+00 -9.92523415e-01 2.65496864e-02 -1.19131100e-01 8.16784010e+01
-1.16338735e-01 7.29712839e-02 9.90525444e-01 6.81938648e+01 3.57180801e-02 9.96959696e-01 -6.92501663e-02 -4.84407344e+00 -9.92567051e-01 2.73231819e-02 -1.18591423e-01 8.15393615e+01
-1.16358204e-01 7.18255480e-02 9.90606897e-01 6.93862908e+01 3.27795511e-02 9.97116084e-01 -6.84471898e-02 -4.92871265e+00 -9.92666159e-01 2.45072495e-02 -1.18377044e-01 8.13919825e+01
-1.16130017e-01 6.69221318e-02 9.90976999e-01 7.04777254e+01 3.07159429e-02 9.97492286e-01 -6.37626153e-02 -5.00887599e+00 -9.92758875e-01 2.30340317e-02 -1.17894372e-01 8.12573472e+01
-1.15946879e-01 6.38947507e-02 9.91198238e-01 7.15726254e+01 2.92034251e-02 9.97716639e-01 -6.08988444e-02 -5.08207028e+00 -9.92825924e-01 2.18853452e-02 -1.17548074e-01 8.11239107e+01
-1.15818178e-01 6.48384490e-02 9.91152002e-01 7.27754614e+01 2.77948368e-02 9.97687926e-01 -6.20181444e-02 -5.16280875e+00 -9.92881378e-01 2.03660725e-02 -1.17352570e-01 8.09776491e+01
-1.15629948e-01 6.91424338e-02 9.90883043e-01 7.38704703e+01 2.80202107e-02 9.97404383e-01 -6.63277163e-02 -5.23801337e+00 -9.92896982e-01 2.00952741e-02 -1.17267201e-01 8.08414975e+01
-1.14910157e-01 7.30911354e-02 9.90683354e-01 7.50785453e+01 2.83640623e-02 9.97124221e-01 -7.02763819e-02 -5.32590912e+00 -9.92970780e-01 2.00243272e-02 -1.16652861e-01 8.06910987e+01
-1.14550215e-01 7.20734031e-02 9.90799595e-01 7.61872789e+01 2.84281043e-02 9.97194073e-01 -6.92518893e-02 -5.40806291e+00 -9.93010536e-01 2.02337283e-02 -1.16277705e-01 8.05541357e+01
-1.14021065e-01 6.41281321e-02 9.91406549e-01 7.73065122e+01 2.95648030e-02 9.97691586e-01 -6.11344609e-02 -5.48960682e+00 -9.93038243e-01 2.23401154e-02 -1.15653792e-01 8.04147008e+01
-1.14215284e-01 6.33509650e-02 9.91434158e-01 7.85348171e+01 2.92893614e-02 9.97745649e-01 -6.03800805e-02 -5.57622317e+00 -9.93024086e-01 2.21421379e-02 -1.15813311e-01 8.02639698e+01
-1.14111927e-01 6.63629158e-02 9.91249009e-01 7.96512630e+01 2.71985415e-02 9.97601128e-01 -6.36571225e-02 -5.65137093e+00 -9.93095434e-01 1.96964834e-02 -1.15643161e-01 8.01305536e+01
-1.13864354e-01 6.95742801e-02 9.91057261e-01 8.07722039e+01 2.67088023e-02 9.97398728e-01 -6.69508606e-02 -5.72839586e+00 -9.93137142e-01 1.88466292e-02 -1.15426406e-01 7.99948379e+01
-1.13757575e-01 6.89755580e-02 9.91111372e-01 8.20156068e+01 2.57976936e-02 9.97455796e-01 -6.64561091e-02 -5.82043203e+00 -9.93173463e-01 1.80084950e-02 -1.15247562e-01 7.98454462e+01
-1.13332444e-01 6.57906563e-02 9.91376574e-01 8.31358553e+01 2.50002464e-02 9.97678132e-01 -6.33508794e-02 -5.90409641e+00 -9.93242457e-01 1.76049421e-02 -1.14714082e-01 7.97112565e+01
-1.12393775e-01 6.44785557e-02 9.91569625e-01 8.42555509e+01 2.57892136e-02 9.97745584e-01 -6.19569853e-02 -5.98595585e+00 -9.93328943e-01 1.86082146e-02 -1.13803243e-01 7.95751933e+01
-1.10847825e-01 6.47225642e-02 9.91727742e-01 8.54970803e+01 2.73556717e-02 9.97697798e-01 -6.20545922e-02 -6.07257283e+00 -9.93460749e-01 2.02507548e-02 -1.12363159e-01 7.94245379e+01
-1.09702869e-01 6.51863600e-02 9.91824674e-01 8.66309686e+01 3.00609509e-02 9.97608305e-01 -6.22415440e-02 -6.13993190e+00 -9.93509665e-01 2.29871093e-02 -1.11400056e-01 7.92849732e+01
-1.08458418e-01 6.47618942e-02 9.91989332e-01 8.78890285e+01 2.97956107e-02 9.97639186e-01 -6.18730808e-02 -6.22107845e+00 -9.93654279e-01 2.28462638e-02 -1.10131987e-01 7.91353979e+01
-1.07116188e-01 6.55295827e-02 9.92084755e-01 8.90346006e+01 3.10403815e-02 9.97559659e-01 -6.25397761e-02 -6.29118664e+00 -9.93761768e-01 2.40956591e-02 -1.08888849e-01 7.89991667e+01
-1.06111130e-01 6.30460466e-02 9.92353662e-01 9.02003500e+01 3.13053129e-02 9.97705039e-01 -6.00386089e-02 -6.37089974e+00 -9.93861278e-01 2.46951693e-02 -1.07841284e-01 7.88623576e+01
-1.05027127e-01 6.24193437e-02 9.92508586e-01 9.14863523e+01 2.99653776e-02 9.97773699e-01 -5.95795541e-02 -6.45933979e+00 -9.94017712e-01 2.34834174e-02 -1.06663723e-01 7.87161155e+01
-1.03764052e-01 6.19927932e-02 9.92668163e-01 9.26587317e+01 3.09811291e-02 9.97772788e-01 -5.90731261e-02 -6.53975033e+00 -9.94119221e-01 2.46243056e-02 -1.05453553e-01 7.85821198e+01
-1.02240197e-01 6.24244077e-02 9.92799225e-01 9.38335376e+01 2.93823529e-02 9.97783123e-01 -5.97119523e-02 -6.62201307e+00 -9.94325627e-01 2.30658078e-02 -1.03847718e-01 7.84516799e+01
-1.00579569e-01 6.55164380e-02 9.92769617e-01 9.51300978e+01 2.97416855e-02 9.97581564e-01 -6.28208211e-02 -6.71269220e+00 -9.94484296e-01 2.32081430e-02 -1.02284892e-01 7.83083099e+01
-9.94560260e-02 6.53441247e-02 9.92894159e-01 9.63147143e+01 2.80726796e-02 9.97628483e-01 -6.28437382e-02 -6.79517510e+00 -9.94645795e-01 2.16230037e-02 -1.01054548e-01 7.81816316e+01
-9.90198683e-02 6.26766752e-02 9.93109695e-01 9.76197246e+01 2.37661003e-02 9.97878670e-01 -6.06080262e-02 -6.88385257e+00 -9.94801524e-01 1.76009392e-02 -1.00299393e-01 7.80607940e+01
-9.88625353e-02 6.37522545e-02 9.93056904e-01 9.88085102e+01 2.14250802e-02 9.97850692e-01 -6.19270767e-02 -6.96479009e+00 -9.94870342e-01 1.51540499e-02 -1.00015945e-01 7.79471866e+01
-9.91125130e-02 6.39550164e-02 9.93018948e-01 1.00003545e+02 1.89470367e-02 9.97872826e-01 -6.23765560e-02 -7.04775265e+00 -9.94895750e-01 1.26324636e-02 -1.00113440e-01 7.78336009e+01
-1.00262014e-01 6.07574819e-02 9.93104337e-01 1.01325029e+02 1.59268226e-02 9.98103897e-01 -5.94554258e-02 -7.13923454e+00 -9.94833503e-01 9.85587078e-03 -1.01039579e-01 7.77043179e+01
-1.01491692e-01 5.93285250e-02 9.93065823e-01 1.02527550e+02 1.38345718e-02 9.98207805e-01 -5.82218399e-02 -7.22217370e+00 -9.94740104e-01 7.82960268e-03 -1.02130582e-01 7.75867338e+01
-1.02759693e-01 5.87082262e-02 9.92972284e-01 1.03730426e+02 1.21596767e-02 9.98256310e-01 -5.77622863e-02 -7.30283559e+00 -9.94631802e-01 6.13858269e-03 -1.03294384e-01 7.74641396e+01
-1.04588691e-01 5.85742738e-02 9.92789215e-01 1.05054816e+02 1.18485915e-02 9.98266587e-01 -5.76492245e-02 -7.39405731e+00 -9.94444895e-01 5.73369259e-03 -1.05101417e-01 7.73251549e+01
-1.06763426e-01 5.73657332e-02 9.92628284e-01 1.06259212e+02 1.22032395e-02 9.98334633e-01 -5.63829944e-02 -7.47478673e+00 -9.94209478e-01 6.09363458e-03 -1.07285673e-01 7.71931559e+01
-1.10045595e-01 5.23308790e-02 9.92548040e-01 1.07585220e+02 8.61247774e-03 9.98625707e-01 -5.16964512e-02 -7.56265626e+00 -9.93889142e-01 2.85932737e-03 -1.10345058e-01 7.70493306e+01
-1.13997537e-01 5.19605824e-02 9.92121376e-01 1.08781250e+02 8.21336724e-03 9.98646502e-01 -5.13586008e-02 -7.63975293e+00 -9.93446997e-01 2.29389953e-03 -1.14270012e-01 7.69116094e+01
-1.19393163e-01 5.65865878e-02 9.91233270e-01 1.09968102e+02 2.49483386e-03 9.98388452e-01 -5.66945722e-02 -7.71863288e+00 -9.92843836e-01 -4.29598436e-03 -1.19341928e-01 7.67760159e+01
-1.26982536e-01 6.20214494e-02 9.89964111e-01 1.11269773e+02 3.76264859e-03 9.98066172e-01 -6.20464286e-02 -7.80824580e+00 -9.91897733e-01 -4.15392821e-03 -1.26970337e-01 7.66116465e+01
-1.35703297e-01 5.92533236e-02 9.88976149e-01 1.12455382e+02 6.01787553e-03 9.98240868e-01 -5.89826768e-02 -7.89427836e+00 -9.90731162e-01 -2.05261115e-03 -1.35821155e-01 7.64459902e+01
-1.46306511e-01 5.37543340e-02 9.87777830e-01 1.13640838e+02 5.16881740e-03 9.98550451e-01 -5.35750016e-02 -7.97776018e+00 -9.89225719e-01 -2.73273100e-03 -1.46372278e-01 7.62691109e+01
-1.59710399e-01 5.57006850e-02 9.85591288e-01 1.14933135e+02 7.85667771e-03 9.98446943e-01 -5.51541015e-02 -8.06117059e+00 -9.87132563e-01 -1.06521338e-03 -1.59899980e-01 7.60531669e+01
-1.73500758e-01 5.63683850e-02 9.83219332e-01 1.16108913e+02 9.43400137e-03 9.98409971e-01 -5.55745457e-02 -8.13752795e+00 -9.84788466e-01 -3.66536327e-04 -1.73756665e-01 7.58327298e+01
-1.89059932e-01 5.41220409e-02 9.80473003e-01 1.17391619e+02 9.71956284e-03 9.98534184e-01 -5.32448562e-02 -8.22508298e+00 -9.81917364e-01 -5.36702958e-04 -1.89308846e-01 7.55787532e+01
-2.03739205e-01 5.59085545e-02 9.77427609e-01 1.18547900e+02 1.45720043e-02 9.98430680e-01 -5.40724892e-02 -8.30460952e+00 -9.78916662e-01 3.22638965e-03 -2.04234172e-01 7.53232402e+01
-2.18592169e-01 5.91801979e-02 9.74020189e-01 1.19691751e+02 1.45879837e-02 9.98245925e-01 -5.73782658e-02 -8.38424005e+00 -9.75707176e-01 1.66654773e-03 -2.19072060e-01 7.50594021e+01
-2.34902172e-01 6.38327366e-02 9.69920878e-01 1.20941263e+02 1.48068814e-02 9.97960586e-01 -6.20920796e-02 -8.47534754e+00 -9.71906151e-01 -2.24063894e-04 -2.35368271e-01 7.47501377e+01
-2.50594325e-01 6.21016026e-02 9.66098356e-01 1.22074522e+02 1.13773434e-02 9.98060370e-01 -6.12050192e-02 -8.55883362e+00 -9.68025249e-01 -4.34599987e-03 -2.50814814e-01 7.44567269e+01
-2.66363598e-01 5.56722073e-02 9.62263579e-01 1.23213731e+02 5.55715342e-03 9.98402670e-01 -5.62247964e-02 -8.63957999e+00 -9.63856522e-01 -9.62879387e-03 -2.66247505e-01 7.41487140e+01
-2.83313721e-01 5.11471367e-02 9.57662498e-01 1.24460955e+02 1.03581286e-03 9.98592557e-01 -5.30267252e-02 -8.72239005e+00 -9.59026646e-01 -1.40312399e-02 -2.82967950e-01 7.37867889e+01
-2.98215470e-01 5.23324180e-02 9.53062960e-01 1.25577843e+02 -6.78426223e-04 9.98483988e-01 -5.50387722e-02 -8.79580018e+00 -9.54498256e-01 -1.70599958e-02 -2.97727866e-01 7.34412391e+01
-3.13742237e-01 5.45676399e-02 9.47938992e-01 1.26796877e+02 -7.89649807e-04 9.98331929e-01 -5.77298551e-02 -8.87615808e+00 -9.49507785e-01 -1.88608330e-02 -3.13175802e-01 7.30388668e+01
-3.27243902e-01 5.62308038e-02 9.43265432e-01 1.27893871e+02 5.24027647e-04 9.98238517e-01 -5.93261289e-02 -8.95313594e+00 -9.44939683e-01 -1.89198159e-02 -3.26696932e-01 7.26560141e+01
-3.40979336e-01 5.66625887e-02 9.38361653e-01 1.28985821e+02 2.51027493e-03 9.98233143e-01 -5.93657459e-02 -9.03150158e+00 -9.40067360e-01 -1.78869463e-02 -3.40519112e-01 7.22547410e+01
-3.56055593e-01 5.42980411e-02 9.32885997e-01 1.30177349e+02 1.99969786e-03 9.98352404e-01 -5.73452634e-02 -9.11901791e+00 -9.34462556e-01 -1.85526108e-02 -3.55577536e-01 7.17996304e+01
-3.70090823e-01 5.29692654e-02 9.27484332e-01 1.31252749e+02 1.72284823e-03 9.98410580e-01 -5.63324680e-02 -9.19684344e+00 -9.28993902e-01 -1.92502137e-02 -3.69593849e-01 7.13701145e+01
-3.84482639e-01 5.36776720e-02 9.21570373e-01 1.32313375e+02 8.43833519e-05 9.98310052e-01 -5.81122552e-02 -9.27401381e+00 -9.23132141e-01 -2.22653864e-02 -3.83837411e-01 7.09299895e+01
-4.00211549e-01 5.66696997e-02 9.14669012e-01 1.33469635e+02 1.25500434e-03 9.98119158e-01 -6.12908742e-02 -9.35888491e+00 -9.16421846e-01 -2.33814003e-02 -3.99529934e-01 7.04244555e+01
-4.14573139e-01 5.77787852e-02 9.08179973e-01 1.34514512e+02 1.90697157e-03 9.98035311e-01 -6.26249292e-02 -9.43844822e+00 -9.10013921e-01 -2.42307381e-02 -4.13868813e-01 6.99460810e+01
-4.28436936e-01 6.04744570e-02 9.01545766e-01 1.35552798e+02 4.51840426e-03 9.97888706e-01 -6.47897719e-02 -9.52128068e+00 -9.03560313e-01 -2.36847812e-02 -4.27805627e-01 6.94474775e+01
-4.44269066e-01 6.37194581e-02 8.93624621e-01 1.36690215e+02 4.59719613e-03 9.97616497e-01 -6.88490537e-02 -9.61377890e+00 -8.95881537e-01 -2.64793345e-02 -4.43503079e-01 6.88814283e+01
-4.58862632e-01 6.65231645e-02 8.86013480e-01 1.37719337e+02 5.24982012e-03 9.97378834e-01 -7.21657975e-02 -9.70044856e+00 -8.88491639e-01 -2.84627734e-02 -4.58009110e-01 6.83483133e+01
-4.75188044e-01 6.35994046e-02 8.77582799e-01 1.38852669e+02 3.94009825e-03 9.97528073e-01 -7.01585344e-02 -9.79699279e+00 -8.79875371e-01 -2.98807310e-02 -4.74264001e-01 6.77388012e+01
-4.90769512e-01 5.95744588e-02 8.69250423e-01 1.39876977e+02 9.50592948e-04 9.97695704e-01 -6.78408391e-02 -9.88706636e+00 -8.71288847e-01 -3.24679083e-02 -4.89695263e-01 6.71677436e+01
-5.06284147e-01 5.91101763e-02 8.60338581e-01 1.40892301e+02 3.44420357e-04 9.97661865e-01 -6.83424108e-02 -9.97374924e+00 -8.62366580e-01 -3.43043568e-02 -5.05120745e-01 6.65750100e+01
-5.23269557e-01 5.85769902e-02 8.50151651e-01 1.41998768e+02 -1.00406767e-03 9.97591615e-01 -6.93538981e-02 -1.00679374e+01 -8.52166557e-01 -3.71443884e-02 -5.21950506e-01 6.59006856e+01
-5.38577768e-01 5.74783880e-02 8.40613075e-01 1.42998374e+02 -1.77215523e-03 9.97590993e-01 -6.93474630e-02 -1.01570230e+01 -8.42573871e-01 -3.88386934e-02 -5.37178469e-01 6.52652757e+01
-5.53744059e-01 5.66634807e-02 8.30756813e-01 1.43987730e+02 -3.28650338e-03 9.97525487e-01 -7.02289352e-02 -1.02482516e+01 -8.32680370e-01 -4.16191349e-02 -5.52187587e-01 6.46116903e+01
-5.70209932e-01 5.62752365e-02 8.19569305e-01 1.45065338e+02 -3.79584233e-03 9.97459765e-01 -7.11309337e-02 -1.03489571e+01 -8.21490178e-01 -4.36705144e-02 -5.68547851e-01 6.38693574e+01
-5.84953141e-01 5.38583598e-02 8.09276968e-01 1.46037185e+02 -4.34569001e-03 9.97570351e-01 -6.95306409e-02 -1.04397915e+01 -8.11055379e-01 -4.41890271e-02 -5.83297857e-01 6.31719663e+01
-6.01023065e-01 4.97526541e-02 7.97681676e-01 1.47096671e+02 -4.67124848e-03 9.97824830e-01 -6.57555274e-02 -1.05388052e+01 -7.99217960e-01 -4.32467516e-02 -5.99483330e-01 6.23804073e+01
-6.15351332e-01 4.79627726e-02 7.86792486e-01 1.48047293e+02 -3.88468400e-03 9.97950464e-01 -6.38731747e-02 -1.06258510e+01 -7.88243327e-01 -4.23608771e-02 -6.13903826e-01 6.16397318e+01
-6.29656352e-01 4.67440335e-02 7.75466296e-01 1.48986132e+02 -4.40706767e-03 9.97957197e-01 -6.37339111e-02 -1.07124821e+01 -7.76861220e-01 -4.35479878e-02 -6.28164083e-01 6.08817550e+01
-6.45394251e-01 4.76639204e-02 7.62361142e-01 1.50003886e+02 -6.02235142e-03 9.97702709e-01 -6.74761976e-02 -1.08094266e+01 -7.63825828e-01 -4.81399492e-02 -6.43624542e-01 6.00289527e+01
-6.60158760e-01 4.80602594e-02 7.49587031e-01 1.50918154e+02 -7.97723751e-03 9.97446022e-01 -7.09774496e-02 -1.08984781e+01 -7.51083671e-01 -5.28360105e-02 -6.58089340e-01 5.92343005e+01
-6.75424080e-01 4.41210919e-02 7.36108507e-01 1.51824099e+02 -1.01660563e-02 9.97556565e-01 -6.91198391e-02 -1.09896708e+01 -7.37359392e-01 -5.41685155e-02 -6.73325186e-01 5.84149299e+01
-6.92467946e-01 3.65709193e-02 7.20521200e-01 1.52807003e+02 -1.39345975e-02 9.97850096e-01 -6.40391623e-02 -1.10901339e+01 -7.21313998e-01 -5.43852312e-02 -6.90469604e-01 5.74889329e+01
-7.08632122e-01 3.35497405e-02 7.04780118e-01 1.53679645e+02 -1.55503459e-02 9.97883667e-01 -6.31377471e-02 -1.11790647e+01 -7.05406705e-01 -5.57010011e-02 -7.06610709e-01 5.66241828e+01
-7.25382333e-01 3.19244350e-02 6.87605542e-01 1.54532552e+02 -1.68752913e-02 9.97798948e-01 -6.41286599e-02 -1.12636666e+01 -6.88139242e-01 -5.81213310e-02 -7.23246994e-01 5.57378827e+01
-7.43889431e-01 2.72179189e-02 6.67748287e-01 1.55452151e+02 -2.06897465e-02 9.97753444e-01 -6.37181298e-02 -1.13594319e+01 -6.67982316e-01 -6.12147756e-02 -7.41655109e-01 5.47386494e+01
-7.60013905e-01 2.53059659e-02 6.49414000e-01 1.56281072e+02 -2.10054482e-02 9.97763103e-01 -6.34630719e-02 -1.14446812e+01 -6.49567213e-01 -6.18740385e-02 -7.57782269e-01 5.37989271e+01
-7.77056111e-01 2.69873633e-02 6.28852566e-01 1.57174565e+02 -1.88709833e-02 9.97632418e-01 -6.61320307e-02 -1.15367660e+01 -6.29148329e-01 -6.32553538e-02 -7.74707088e-01 5.27396054e+01
-7.91738809e-01 2.78172342e-02 6.10226125e-01 1.57953613e+02 -1.53911067e-02 9.97737066e-01 -6.54512092e-02 -1.16226589e+01 -6.10665793e-01 -6.12123070e-02 -7.89519017e-01 5.17538059e+01
-8.05764979e-01 2.79747935e-02 5.91574398e-01 1.58731354e+02 -1.18429524e-02 9.97922914e-01 -6.33214338e-02 -1.17169846e+01 -5.92116952e-01 -5.80281710e-02 -8.03760031e-01 5.07645621e+01
-8.20989065e-01 2.93833261e-02 5.70187364e-01 1.59559693e+02 -1.02055651e-02 9.97760022e-01 -6.61119191e-02 -1.18207203e+01 -5.70852649e-01 -6.00962362e-02 -8.18850194e-01 4.96635414e+01
-8.34311984e-01 3.07193890e-02 5.50436086e-01 1.60276268e+02 -9.69261063e-03 9.97474599e-01 -7.03596441e-02 -1.19160480e+01 -5.51207326e-01 -6.40370453e-02 -8.31907259e-01 4.86476304e+01
-8.46868417e-01 3.14561557e-02 5.30871398e-01 1.60973501e+02 -7.59658774e-03 9.97431700e-01 -7.12200596e-02 -1.20146083e+01 -5.31748181e-01 -6.43468186e-02 -8.44454445e-01 4.76131066e+01
-8.59367487e-01 2.94798095e-02 5.10508088e-01 1.61700383e+02 -5.85636698e-03 9.97703993e-01 -6.74718203e-02 -1.21219290e+01 -5.11324928e-01 -6.09728002e-02 -8.57221728e-01 4.64515789e+01
-8.69517282e-01 3.02703620e-02 4.92974080e-01 1.62339433e+02 -4.54887696e-03 9.97586966e-01 -6.92788162e-02 -1.22264367e+01 -4.93881528e-01 -6.24815948e-02 -8.67281410e-01 4.53778256e+01
-8.79550216e-01 3.43406871e-02 4.74565246e-01 1.63003345e+02 -5.09364531e-04 9.97323547e-01 -7.31128186e-02 -1.23343007e+01 -4.75805759e-01 -6.45481100e-02 -8.77178649e-01 4.41842918e+01
-8.88215733e-01 3.24617280e-02 4.58278391e-01 1.63597491e+02 -1.79292475e-03 9.97248153e-01 -7.41141583e-02 -1.24405877e+01 -4.59423076e-01 -6.66510076e-02 -8.85713297e-01 4.30875866e+01
