1.00000000e+00 2.75803247e-18 1.77079216e-17 5.55111512e-17 -3.15951930e-18 1.00000000e+00 8.95078440e-19 0.00000000e+00 -1.74178452e-17 2.90027354e-18 1.00000000e+00 2.22044605e-16
9.99999600e-01 -8.71925083e-04 -1.97881679e-04 1.30323661e-03 8.72181510e-04 9.99998776e-01 1.29863441e-03 -1.73437811e-02 1.96749132e-04 -1.29880630e-03 9.99999137e-01 1.25873218e+00
9.99998430e-01 -1.68231514e-03 -5.56473029e-04 4.76636029e-04 1.68332267e-03 9.99996937e-01 1.81448996e-03 -4.24199920e-02 5.53418805e-04 -1.81542357e-03 9.99998199e-01 2.64596999e+00
9.99993947e-01 -3.40167119e-03 -7.30855387e-04 2.01956305e-03 3.40205178e-03 9.99994078e-01 5.19231059e-04 -6.25589087e-02 7.29084845e-04 -5.21714245e-04 9.99999598e-01 3.90835170e+00
9.99993176e-01 -3.63896695e-03 -6.36463448e-04 2.83030609e-03 3.63949871e-03 9.99993028e-01 8.35218754e-04 -8.54070937e-02 6.33419710e-04 -8.37529338e-04 9.99999449e-01 5.30226154e+00
9.99992185e-01 -3.91994165e-03 -5.14191460e-04 4.16304700e-03 3.92077612e-03 9.99990984e-01 1.63054594e-03 -1.01411868e-01 5.07795203e-04 -1.63254899e-03 9.99998538e-01 6.57221259e+00
9.99984745e-01 -5.50848042e-03 -4.08065796e-04 7.54404553e-03 5.50954379e-03 9.99981312e-01 2.64956439e-03 -1.15891256e-01 3.93463114e-04 -2.65177184e-03 9.99996407e-01 7.84547015e+00
9.99986465e-01 -5.16814008e-03 -6.00141715e-04 8.31790627e-03 5.17023573e-03 9.99980358e-01 3.54279743e-03 -1.33037858e-01 5.81820278e-04 -3.54585184e-03 9.99993544e-01 9.24942565e+00
9.99988645e-01 -4.68795553e-03 -8.56673380e-04 7.75739679e-03 4.68959145e-03 9.99987167e-01 1.91662302e-03 -1.49407009e-01 8.47677384e-04 -1.92061842e-03 9.99997796e-01 1.05263428e+01
9.99997959e-01 -1.78427196e-03 -9.47541034e-04 6.68500693e-03 1.78348976e-03 9.99998068e-01 -8.26074608e-04 -1.63853779e-01 9.49013197e-04 8.24382879e-04 9.99999210e-01 1.19346072e+01
9.99998635e-01 1.53097668e-03 -6.20792231e-04 3.47477030e-03 -1.53205389e-03 9.99997316e-01 -1.73800648e-03 -1.76587329e-01 6.18129752e-04 1.73895494e-03 9.99998297e-01 1.32192215e+01
9.99992190e-01 3.91591996e-03 -5.35259424e-04 -1.66932337e-03 -3.91678533e-03 9.99991011e-01 -1.62392915e-03 -1.94942142e-01 5.28895463e-04 1.62601273e-03 9.99998538e-01 1.45074063e+01
9.99986497e-01 5.18267141e-03 -3.82090355e-04 -5.82562233e-03 -5.18300173e-03 9.99986193e-01 -8.65987190e-04 -2.17924543e-01 3.77596969e-04 8.67955744e-04 9.99999552e-01 1.59286125e+01
9.99995100e-01 3.13054066e-03 2.33733309e-05 -4.41170632e-03 -3.13057622e-03 9.99993679e-01 1.68575999e-03 -2.35881206e-01 -1.80958525e-05 -1.68582466e-03 9.99998579e-01 1.72252892e+01
9.99999513e-01 -9.54898541e-04 2.47512057e-04 6.07833572e-04 9.53917058e-04 9.99991797e-01 3.93637929e-03 -2.54180538e-01 -2.51268894e-04 -3.93614070e-03 9.99992222e-01 1.86541241e+01
9.99993491e-01 -3.60791425e-03 -3.50156442e-05 5.04634106e-03 3.60797381e-03 9.99991763e-01 1.85922646e-03 -2.69592357e-01 2.83074257e-05 -1.85934042e-03 9.99998271e-01 1.99520382e+01
9.99987381e-01 -5.01961617e-03 -2.03586326e-04 3.96330461e-03 5.01948856e-03 9.99987206e-01 -6.27268224e-04 -2.94381529e-01 2.06732384e-04 6.26238324e-04 9.99999783e-01 2.13846746e+01
9.99995854e-01 -2.84803494e-03 4.26101339e-04 -7.22261683e-04 2.84891649e-03 9.99993776e-01 -2.08147091e-03 -3.22283152e-01 -4.20170597e-04 2.08267591e-03 9.99997743e-01 2.26907970e+01
9.99999253e-01 9.83004041e-05 1.21844771e-03 -7.24157997e-03 -9.70411297e-05 9.99999461e-01 -1.03354042e-03 -3.46025722e-01 -1.21854870e-03 1.03342125e-03 9.99998724e-01 2.40028963e+01
9.99997096e-01 1.41624358e-03 1.94990589e-03 -9.62662518e-03 -1.42678700e-03 9.99984314e-01 5.41627091e-03 -3.69131136e-01 -1.94220466e-03 -5.41903652e-03 9.99983431e-01 2.54552076e+01
9.99996729e-01 -9.32258159e-04 2.38191610e-03 -5.20765793e-03 9.19156712e-04 9.99984476e-01 5.49564404e-03 -3.86699279e-01 -2.38700262e-03 -5.49343593e-03 9.99982062e-01 2.67722861e+01
9.99983787e-01 -5.34852305e-03 1.95401838e-03 2.09557902e-03 5.34106995e-03 9.99978515e-01 3.80027776e-03 -4.10790820e-01 -1.97430238e-03 -3.78977906e-03 9.99990870e-01 2.82234085e+01
9.99980487e-01 -5.92420872e-03 1.98229088e-03 5.29419938e-03 5.92158364e-03 9.99981585e-01 1.32810132e-03 -4.32820628e-01 -1.99012243e-03 -1.31633691e-03 9.99997153e-01 2.95440988e+01
9.99978926e-01 -6.01862422e-03 2.43388533e-03 7.93084870e-03 6.02108995e-03 9.99981367e-01 -1.00654968e-03 -4.60510304e-01 -2.42778205e-03 1.02118296e-03 9.99996532e-01 3.10013369e+01
9.99990887e-01 -2.85177456e-03 3.17700898e-03 6.87718506e-03 2.85625940e-03 9.99994930e-01 -1.40784186e-03 -4.85367507e-01 -3.17297817e-03 1.41690318e-03 9.99993962e-01 3.23300248e+01
9.99991736e-01 -1.93757019e-03 3.57399948e-03 8.28845033e-03 1.95007341e-03 9.99991980e-01 -3.49812030e-03 -5.11458584e-01 -3.56719313e-03 3.50506044e-03 9.99987495e-01 3.36599900e+01
9.99993368e-01 -1.01230668e-03 3.49847689e-03 1.02616937e-02 1.02604174e-03 9.99991765e-01 -3.92639481e-03 -5.44043823e-01 -3.49447352e-03 3.92995778e-03 9.99986172e-01 3.51285299e+01
9.99993691e-01 -9.64504832e-04 3.41875716e-03 1.21122965e-02 9.70325110e-04 9.99998082e-01 -1.70115172e-03 -5.74409902e-01 -3.41711000e-03 1.70445804e-03 9.99992709e-01 3.64689546e+01
9.99995535e-01 -8.08859800e-05 2.98711258e-03 1.52364327e-02 8.11381949e-05 9.99999993e-01 -8.43091385e-05 -6.01083239e-01 -2.98710589e-03 8.45511097e-05 9.99995535e-01 3.79458132e+01
9.99992433e-01 2.51935208e-03 2.96431191e-03 1.70199702e-02 -2.51820514e-03 9.99996753e-01 -3.90749075e-04 -6.24140199e-01 -2.96528687e-03 3.83281307e-04 9.99995530e-01 3.92880794e+01
9.99982839e-01 4.96922854e-03 3.10299621e-03 1.94975654e-02 -4.96740673e-03 9.99987485e-01 -5.94853597e-04 -6.42901294e-01 -3.10591350e-03 5.79429448e-04 9.99995009e-01 4.06332458e+01
9.99969054e-01 7.22651046e-03 3.10954014e-03 1.92496744e-02 -7.22636448e-03 9.99973888e-01 -5.86278757e-05 -6.71368477e-01 -3.10988278e-03 3.61553704e-05 9.99995164e-01 4.21171792e+01
9.99961104e-01 8.34432999e-03 2.85721618e-03 2.12758994e-02 -8.34501592e-03 9.99965154e-01 2.27665211e-04 -6.93861577e-01 -2.85521705e-03 -2.51499850e-04 9.99995892e-01 4.34691193e+01
9.99970904e-01 7.24302386e-03 2.39366116e-03 2.64256500e-02 -7.24253351e-03 9.99973750e-01 -2.14039558e-04 -7.18866253e-01 -2.39514875e-03 1.96697118e-04 9.99997112e-01 4.49584225e+01
9.99977761e-01 6.44021685e-03 1.73237293e-03 3.08964259e-02 -6.43879290e-03 9.99978929e-01 -8.27008376e-04 -7.39201962e-01 -1.73766263e-03 8.15835466e-04 9.99998157e-01 4.63154185e+01
9.99982817e-01 5.81837371e-03 7.15806928e-04 3.41258092e-02 -5.81834951e-03 9.99983073e-01 -3.74520018e-05 -7.62536876e-01 -7.16012763e-04 3.32865318e-05 9.99999743e-01 4.78129116e+01
9.99981830e-01 6.02313569e-03 -2.46555177e-04 3.36515125e-02 -6.02294227e-03 9.99981556e-01 7.82508426e-04 -7.84564973e-01 2.51263788e-04 -7.81009112e-04 9.99999663e-01 4.91776104e+01
9.99977042e-01 6.65712578e-03 -1.26407352e-03 3.19201258e-02 -6.65579923e-03 9.99977297e-01 1.05175776e-03 -8.05410125e-01 1.27104655e-03 -1.04332004e-03 9.99998648e-01 5.05444499e+01
9.99974736e-01 6.65268913e-03 -2.50380044e-03 2.89503782e-02 -6.65097669e-03 9.99977642e-01 6.92154494e-04 -8.27448912e-01 2.50834926e-03 -6.75484189e-04 9.99996626e-01 5.20501714e+01
9.99969718e-01 6.91314764e-03 -3.57376043e-03 2.55204592e-02 -6.90629275e-03 9.99974294e-01 1.92728121e-03 -8.45524312e-01 3.58699231e-03 -1.90254114e-03 9.99991757e-01 5.34225946e+01
9.99975456e-01 5.44215417e-03 -4.41259052e-03 2.07411868e-02 -5.42936505e-03 9.99981040e-01 2.90537739e-03 -8.68177214e-01 4.42831858e-03 -2.88134810e-03 9.99986044e-01 5.49333296e+01
9.99979326e-01 4.00937259e-03 -5.02723559e-03 1.68896560e-02 -3.99522788e-03 9.99988041e-01 2.82066116e-03 -8.87413829e-01 5.03848479e-03 -2.80051748e-03 9.99983385e-01 5.63060417e+01
9.99982455e-01 1.77987569e-03 -5.64996757e-03 1.34379194e-02 -1.76652226e-03 9.99995637e-01 2.36762253e-03 -9.07085852e-01 5.65415726e-03 -2.35759984e-03 9.99981236e-01 5.76780421e+01
9.99983568e-01 3.61673580e-04 -5.72133558e-03 1.01022105e-02 -3.45465743e-04 9.99995926e-01 2.83362166e-03 -9.25844685e-01 5.72233739e-03 -2.83159815e-03 9.99979618e-01 5.91870788e+01
9.99985590e-01 -8.03628930e-04 -5.30799156e-03 6.70372564e-03 8.21927329e-04 9.99993725e-01 3.44601783e-03 -9.44695304e-01 5.30518919e-03 -3.45033044e-03 9.99979975e-01 6.05579404e+01
9.99986151e-01 -1.91615963e-03 -4.90158519e-03 2.71886661e-03 1.93614434e-03 9.99989820e-01 4.07562488e-03 -9.66116486e-01 4.89372598e-03 -4.08505801e-03 9.99979682e-01 6.20643972e+01
9.99982798e-01 -3.77381467e-03 -4.49010599e-03 -1.20189417e-03 3.79027511e-03 9.99986108e-01 3.66292672e-03 -9.88276490e-01 4.47622062e-03 -3.67988190e-03 9.99983211e-01 6.34307319e+01
9.99977848e-01 -5.29236016e-03 -4.03664710e-03 -2.63141991e-03 5.30382755e-03 9.99981915e-01 2.83517142e-03 -1.00779210e+00 4.02156955e-03 -2.85651787e-03 9.99987834e-01 6.47941185e+01
9.99980890e-01 -5.19588749e-03 -3.34985421e-03 -5.89080740e-03 5.20340812e-03 9.99983953e-01 2.23996596e-03 -1.03053391e+00 3.33816201e-03 -2.25735348e-03 9.99991880e-01 6.62913842e+01
9.99990383e-01 -3.55695028e-03 -2.56546095e-03 -9.64432993e-03 3.56276560e-03 9.99991087e-01 2.26551040e-03 -1.05011413e+00 2.55737990e-03 -2.27462841e-03 9.99994143e-01 6.76505973e+01
9.99997767e-01 -5.34928246e-04 -2.04454979e-03 -1.94829728e-02 5.42442368e-04 9.99993095e-01 3.67635708e-03 -1.07736957e+00 2.04256918e-03 -3.67745739e-03 9.99991152e-01 6.91448518e+01
9.99994736e-01 2.97470762e-03 -1.29557653e-03 -2.68125280e-02 -2.96827108e-03 9.99983381e-01 4.94242783e-03 -1.09826549e+00 1.31025732e-03 -4.93855549e-03 9.99986947e-01 7.05006109e+01
9.99976355e-01 6.85868578e-03 -4.98552861e-04 -3.53185719e-02 -6.85585194e-03 9.99961472e-01 5.48189126e-03 -1.11968841e+00 5.36132225e-04 -5.47834286e-03 9.99984850e-01 7.19876312e+01
9.99937522e-01 1.11773308e-02 1.41863863e-04 -4.20594202e-02 -1.11779109e-02 9.99924530e-01 5.09790249e-03 -1.13680703e+00 -8.48722462e-05 -5.09916900e-03 9.99986996e-01 7.33362204e+01
9.99899514e-01 1.41518945e-02 8.28388072e-04 -4.64399762e-02 -1.41555765e-02 9.99889139e-01 4.61826438e-03 -1.15322652e+00 -7.62939114e-04 -4.62952597e-03 9.99988993e-01 7.46822628e+01
9.99864631e-01 1.63800363e-02 1.55362359e-03 -5.31861857e-02 -1.63866394e-02 9.99856333e-01 4.33498368e-03 -1.17839445e+00 -1.48239330e-03 -4.35985493e-03 9.99989397e-01 7.61605535e+01
9.99859290e-01 1.66689918e-02 1.88269102e-03 -5.44984996e-02 -1.66772508e-02 9.99850987e-01 4.45797054e-03 -1.19833699e+00 -1.80810072e-03 -4.48874075e-03 9.99988291e-01 7.75028155e+01
9.99879856e-01 1.53660537e-02 2.03931620e-03 -5.26265301e-02 -1.53752814e-02 9.99871269e-01 4.58762300e-03 -1.21952632e+00 -1.96856014e-03 -4.61842624e-03 9.99987397e-01 7.89756621e+01
9.99896595e-01 1.42460679e-02 1.96184492e-03 -4.94191465e-02 -1.42532068e-02 9.99891672e-01 3.67284286e-03 -1.23741477e+00 -1.90930895e-03 -3.70042513e-03 9.99991331e-01 8.03107554e+01
9.99907492e-01 1.34965112e-02 1.68845626e-03 -4.87197106e-02 -1.35024222e-02 9.99902578e-01 3.53825474e-03 -1.25829015e+00 -1.64053778e-03 -3.56072518e-03 9.99992315e-01 8.16436130e+01
9.99907366e-01 1.35344375e-02 1.44148796e-03 -4.83279627e-02 -1.35398507e-02 9.99901065e-01 3.81227011e-03 -1.27986841e+00 -1.38974851e-03 -3.83143396e-03 9.99991694e-01 8.31084032e+01
9.99914019e-01 1.30802559e-02 9.27792552e-04 -5.23618938e-02 -1.30832515e-02 9.99908976e-01 3.29681056e-03 -1.30040128e+00 -8.84585042e-04 -3.30866518e-03 9.99994135e-01 8.44389493e+01
9.99909789e-01 1.34308695e-02 1.58570161e-04 -6.10577809e-02 -1.34313661e-02 9.99902978e-01 3.69240683e-03 -1.32188344e+00 -1.08962573e-04 -3.69420303e-03 9.99993170e-01 8.58990517e+01
9.99914212e-01 1.30777375e-02 -7.35313194e-04 -7.49786027e-02 -1.30743998e-02 9.99904945e-01 4.37731572e-03 -1.34444405e+00 7.92488696e-04 -4.36732580e-03 9.99990149e-01 8.72283428e+01
9.99937436e-01 1.10366870e-02 -1.82103476e-03 -8.36110122e-02 -1.10266874e-02 9.99924548e-01 5.41386051e-03 -1.36299391e+00 1.88064850e-03 -5.39344104e-03 9.99983687e-01 8.85543163e+01
9.99956685e-01 8.77922306e-03 -3.09090491e-03 -9.81153136e-02 -8.76004181e-03 9.99942619e-01 6.16603071e-03 -1.38372880e+00 3.14486064e-03 -6.13868629e-03 9.99976213e-01 9.00080020e+01
9.99969717e-01 6.84869846e-03 -3.69609749e-03 -1.10402885e-01 -6.82514016e-03 9.99956549e-01 6.34959298e-03 -1.40019241e+00 3.73942350e-03 -6.32417340e-03 9.99973010e-01 9.13240536e+01
9.99976169e-01 5.48330236e-03 -4.19469268e-03 -1.28660534e-01 -5.45961813e-03 9.99969206e-01 5.63725064e-03 -1.41950800e+00 4.22547445e-03 -5.61421406e-03 9.99975313e-01 9.27672184e+01
9.99980859e-01 4.28290119e-03 -4.46513236e-03 -1.45025271e-01 -4.25995228e-03 9.99977733e-01 5.13666776e-03 -1.43669542e+00 4.48703298e-03 -5.11754744e-03 9.99976838e-01 9.40755775e+01
9.99977226e-01 4.94067980e-03 -4.59761304e-03 -1.70523262e-01 -4.91897891e-03 9.99976764e-01 4.71963682e-03 -1.45807594e+00 4.62082464e-03 -4.69691309e-03 9.99978293e-01 9.55096869e+01
9.99978661e-01 4.75075170e-03 -4.48414811e-03 -1.91309396e-01 -4.73258139e-03 9.99980583e-01 4.05427248e-03 -1.47733599e+00 4.50332209e-03 -4.03296379e-03 9.99981727e-01 9.68100995e+01
9.99976266e-01 5.41739913e-03 -4.25668529e-03 -2.11132048e-01 -5.40303897e-03 9.99979698e-01 3.37808458e-03 -1.49679034e+00 4.27489950e-03 -3.35500488e-03 9.99985234e-01 9.81085234e+01
9.99967454e-01 7.07954811e-03 -3.86926100e-03 -2.34575487e-01 -7.06584231e-03 9.99968753e-01 3.54484103e-03 -1.51912113e+00 3.89423615e-03 -3.51738557e-03 9.99986231e-01 9.95347070e+01
9.99965151e-01 7.51901372e-03 -3.62776278e-03 -2.48102055e-01 -7.50132104e-03 9.99960022e-01 4.86661915e-03 -1.53573974e+00 3.66421008e-03 -4.83923585e-03 9.99981578e-01 1.00828545e+02
9.99955137e-01 8.81989364e-03 -3.45456267e-03 -2.69960322e-01 -8.79768257e-03 9.99940862e-01 6.39324412e-03 -1.55788409e+00 3.51074625e-03 -6.36256424e-03 9.99973596e-01 1.02249276e+02
9.99959652e-01 8.31014447e-03 -3.41128118e-03 -2.86627769e-01 -8.29257423e-03 9.99952440e-01 5.13331734e-03 -1.57636665e+00 3.45377770e-03 -5.10482118e-03 9.99981006e-01 1.03536490e+02
9.99960786e-01 8.20413061e-03 -3.33457114e-03 -3.04759561e-01 -8.19568522e-03 9.99963191e-01 2.53896895e-03 -1.59646923e+00 3.35527858e-03 -2.51153992e-03 9.99991217e-01 1.04820859e+02
9.99965397e-01 7.60014236e-03 -3.38279815e-03 -3.15591433e-01 -7.59563596e-03 9.99970250e-01 1.34344108e-03 -1.61490491e+00 3.39290801e-03 -1.31769990e-03 9.99993376e-01 1.06235164e+02
9.99979268e-01 5.55910067e-03 -3.24955869e-03 -3.33812433e-01 -5.55072178e-03 9.99981261e-01 2.58215606e-03 -1.63910910e+00 3.26385241e-03 -2.56406475e-03 9.99991386e-01 1.07527098e+02
9.99991860e-01 3.09317700e-03 -2.59095587e-03 -3.51464788e-01 -3.08082820e-03 9.99983940e-01 4.75685274e-03 -1.66334457e+00 2.60562816e-03 -4.74883104e-03 9.99985330e-01 1.08942930e+02
9.99997300e-01 1.57335677e-03 -1.71031835e-03 -3.73522192e-01 -1.56410110e-03 9.99984198e-01 5.39977030e-03 -1.68781511e+00 1.71878716e-03 -5.39707983e-03 9.99983959e-01 1.10227912e+02
9.99999291e-01 6.01218481e-04 -1.02770771e-03 -3.93309196e-01 -5.97048557e-04 9.99991608e-01 4.05311081e-03 -1.71024447e+00 1.03013593e-03 -4.05249376e-03 9.99991258e-01 1.11506960e+02
9.99996534e-01 2.61356199e-03 -3.18339051e-04 -4.13633701e-01 -2.61307691e-03 9.99995436e-01 1.51635639e-03 -1.73544390e+00 3.22300698e-04 -1.51551907e-03 9.99998800e-01 1.12909982e+02
9.99989768e-01 4.46672136e-03 7.15110120e-04 -4.21600145e-01 -4.46625494e-03 9.99989813e-01 -6.53708597e-04 -1.75468431e+00 -7.18022807e-04 6.50507945e-04 9.99999531e-01 1.14183926e+02
9.99968525e-01 7.62120081e-03 2.20589737e-03 -4.29527030e-01 -7.61940282e-03 9.99970633e-01 -8.23008360e-04 -1.77680180e+00 -2.21210502e-03 8.06174707e-04 9.99997228e-01 1.15588111e+02
9.99953021e-01 9.00444457e-03 3.58824149e-03 -4.33292310e-01 -9.00900572e-03 9.99958629e-01 1.25651972e-03 -1.79529987e+00 -3.57677897e-03 -1.28878701e-03 9.99992773e-01 1.16867983e+02
9.99948049e-01 9.04191032e-03 4.70560496e-03 -4.33095157e-01 -9.05958000e-03 9.99951941e-01 3.74698329e-03 -1.81371137e+00 -4.67149918e-03 -3.78941891e-03 9.99981909e-01 1.18277640e+02
9.99952383e-01 8.08926111e-03 5.45856770e-03 -4.30438821e-01 -8.11336126e-03 9.99957374e-01 4.40721110e-03 -1.82726486e+00 -5.42268423e-03 -4.45128796e-03 9.99975390e-01 1.19559130e+02
9.99942876e-01 8.53776659e-03 6.43056792e-03 -4.32775201e-01 -8.56150324e-03 9.99956606e-01 3.67252348e-03 -1.84649766e+00 -6.39893406e-03 -3.72736851e-03 9.99972580e-01 1.20848473e+02
9.99915910e-01 1.04066131e-02 7.73795275e-03 -4.47303234e-01 -1.04313473e-02 9.99940590e-01 3.16275372e-03 -1.88291944e+00 -7.70457989e-03 -3.24320460e-03 9.99965060e-01 1.22288570e+02
9.99884382e-01 1.23764539e-02 8.83441105e-03 -4.55783825e-01 -1.24016397e-02 9.99919172e-01 2.80154032e-03 -1.91089049e+00 -8.79902431e-03 -2.91077721e-03 9.99957051e-01 1.23591559e+02
9.99862922e-01 1.31894362e-02 1.00088354e-02 -4.62128225e-01 -1.32069060e-02 9.99911372e-01 1.68109550e-03 -1.94271158e+00 -9.98577611e-03 -1.81305059e-03 9.99948497e-01 1.25026376e+02
9.99837516e-01 1.42394006e-02 1.10535235e-02 -4.63935362e-01 -1.42527261e-02 9.99897789e-01 1.12745272e-03 -1.96768562e+00 -1.10363400e-02 -1.28481224e-03 9.99938272e-01 1.26326520e+02
9.99838729e-01 1.34224295e-02 1.19312399e-02 -4.70609345e-01 -1.34332456e-02 9.99909428e-01 8.26639244e-04 -2.00622132e+00 -1.19190644e-02 -9.86781113e-04 9.99928479e-01 1.27631492e+02
9.99836112e-01 1.28556562e-02 1.27468124e-02 -4.71645929e-01 -1.28779030e-02 9.99915691e-01 1.66454409e-03 -2.04034624e+00 -1.27243396e-02 -1.82842330e-03 9.99917371e-01 1.29061572e+02
9.99836831e-01 1.19205686e-02 1.35724680e-02 -4.74162536e-01 -1.19644023e-02 9.99923453e-01 3.15282651e-03 -2.07401088e+00 -1.35338463e-02 -3.31469811e-03 9.99902919e-01 1.30365417e+02
9.99844833e-01 1.08247928e-02 1.38972814e-02 -4.69751315e-01 -1.08707744e-02 9.99935671e-01 3.23725266e-03 -2.10192787e+00 -1.38613455e-02 -3.38782412e-03 9.99898188e-01 1.31792808e+02
9.99864770e-01 8.82672254e-03 1.38755699e-02 -4.65481998e-01 -8.87762400e-03 9.99954073e-01 3.61099405e-03 -2.12901275e+00 -1.38430601e-02 -3.73368734e-03 9.99897209e-01 1.33093095e+02
9.99881825e-01 7.21647825e-03 1.35742145e-02 -4.64841547e-01 -7.27352021e-03 9.99964905e-01 4.15746023e-03 -2.16284842e+00 -1.35437366e-02 -4.25570069e-03 9.99899223e-01 1.34390825e+02
9.99899756e-01 5.62701669e-03 1.29928864e-02 -4.65882713e-01 -5.67657316e-03 9.99976743e-01 3.78031471e-03 -2.20016781e+00 -1.29713130e-02 -3.85369032e-03 9.99908443e-01 1.35817785e+02
9.99922266e-01 4.08937290e-03 1.17787602e-02 -4.64275179e-01 -4.13303571e-03 9.99984670e-01 3.68488932e-03 -2.22706402e+00 -1.17635114e-02 -3.73328442e-03 9.99923838e-01 1.37114059e+02
9.99939507e-01 2.75211787e-03 1.06493297e-02 -4.64335109e-01 -2.80266016e-03 9.99984867e-01 4.73399278e-03 -2.25716939e+00 -1.06361406e-02 -4.76355221e-03 9.99932088e-01 1.38541656e+02
9.99952462e-01 1.24308192e-03 9.67096363e-03 -4.63923922e-01 -1.29188175e-03 9.99986458e-01 5.04137987e-03 -2.28295315e+00 -9.66456631e-03 -5.05363327e-03 9.99940527e-01 1.39837915e+02
9.99965448e-01 4.81548372e-04 8.29885979e-03 -4.67355024e-01 -5.22490710e-04 9.99987701e-01 4.93201572e-03 -2.31765791e+00 -8.29638315e-03 -4.93618071e-03 9.99953401e-01 1.41263961e+02
9.99974786e-01 2.35231694e-04 7.09729830e-03 -4.70254853e-01 -2.67102703e-04 9.99989884e-01 4.48996240e-03 -2.34360320e+00 -7.09617069e-03 -4.49174428e-03 9.99964734e-01 1.42559151e+02
9.99981420e-01 -8.20710617e-05 6.09534782e-03 -4.74325868e-01 5.73741035e-05 9.99991790e-01 4.05183794e-03 -2.36812449e+00 -6.09563063e-03 -4.05141238e-03 9.99973214e-01 1.43854208e+02
9.99985452e-01 -1.89455332e-03 5.05032201e-03 -4.78739223e-01 1.88353559e-03 9.99995838e-01 2.18552424e-03 -2.39733588e+00 -5.05444184e-03 -2.17597969e-03 9.99984859e-01 1.45277433e+02
9.99966264e-01 -7.19344446e-03 3.96554903e-03 -4.81136113e-01 7.19056022e-03 9.99973873e-01 7.41451959e-04 -2.42769087e+00 -3.97077921e-03 -7.12912330e-04 9.99991862e-01 1.46570117e+02
9.99892615e-01 -1.43952471e-02 2.74510246e-03 -4.84110525e-01 1.43852341e-02 9.99889923e-01 3.63407549e-03 -2.46562269e+00 -2.79711384e-03 -3.59419578e-03 9.99989629e-01 1.47996483e+02
9.99763146e-01 -2.17233748e-02 1.32181156e-03 -4.83044364e-01 2.17171868e-02 9.99753885e-01 4.53137047e-03 -2.49100569e+00 -1.41992296e-03 -4.50159051e-03 9.99988860e-01 1.49291529e+02
9.99686428e-01 -2.50405555e-02 1.24961157e-04 -4.88190203e-01 2.50402148e-02 9.99683897e-01 2.25686463e-03 -2.51919813e+00 -1.81434789e-04 -2.25302755e-03 9.99997445e-01 1.50583628e+02
9.99685810e-01 -2.50623856e-02 3.97524567e-04 -4.98009659e-01 2.50631119e-02 9.99684013e-01 -1.92762279e-03 -2.54791260e+00 -3.49088113e-04 1.93698010e-03 9.99998063e-01 1.52003014e+02
9.99766298e-01 -2.15830511e-02 1.23360971e-03 -5.13603867e-01 2.15874408e-02 9.99760265e-01 -3.65980479e-03 -2.58279069e+00 -1.15432424e-03 3.68557945e-03 9.99992542e-01 1.53294991e+02
9.99768664e-01 -2.14131413e-02 2.02394572e-03 -5.20021893e-01 2.14202148e-02 9.99764300e-01 -3.53821469e-03 -2.61456564e+00 -1.94770445e-03 3.58074902e-03 9.99991692e-01 1.54717109e+02
9.99708232e-01 -2.40135610e-02 2.60766093e-03 -5.18651080e-01 2.40149859e-02 9.99711466e-01 -5.14703830e-04 -2.64299169e+00 -2.59454876e-03 5.77176524e-04 9.99996468e-01 1.56011995e+02
9.99565568e-01 -2.93114687e-02 3.08413199e-03 -5.10749977e-01 2.93030846e-02 9.99566841e-01 2.73121385e-03 -2.66682145e+00 -3.16285209e-03 -2.63965235e-03 9.99991514e-01 1.57308387e+02
9.99428115e-01 -3.36750086e-02 3.07180507e-03 -4.99272981e-01 3.36642690e-02 9.99427121e-01 3.48537687e-03 -2.69108494e+00 -3.18741553e-03 -3.37997307e-03 9.99989208e-01 1.58731557e+02
9.99365125e-01 -3.55027283e-02 2.98387876e-03 -4.90806094e-01 3.54911753e-02 9.99362606e-01 3.84164923e-03 -2.71238807e+00 -3.11836601e-03 -3.73330834e-03 9.99988169e-01 1.60026339e+02
9.99421073e-01 -3.38032395e-02 3.85483004e-03 -4.84583646e-01 3.37869028e-02 9.99420113e-01 4.22881187e-03 -2.73915428e+00 -3.99554239e-03 -4.09612033e-03 9.99983629e-01 1.61451461e+02
9.99536719e-01 -3.00170623e-02 5.03221911e-03 -4.83495495e-01 2.99974460e-02 9.99542248e-01 3.93046203e-03 -2.76202892e+00 -5.14789676e-03 -3.77768685e-03 9.99979614e-01 1.62748009e+02
9.99632814e-01 -2.64183693e-02 6.02542531e-03 -4.76176990e-01 2.64099567e-02 9.99650112e-01 1.47234919e-03 -2.79002704e+00 -6.06221443e-03 -1.31267715e-03 9.99980763e-01 1.64173479e+02
9.99696583e-01 -2.36882485e-02 6.75345700e-03 -4.68487320e-01 2.36842629e-02 9.99719264e-01 6.70201983e-04 -2.81257885e+00 -6.76743728e-03 -5.10047911e-04 9.99976971e-01 1.65473570e+02
9.99737774e-01 -2.17526862e-02 7.15565030e-03 -4.60035255e-01 2.17387551e-02 9.99761646e-01 2.01951590e-03 -2.83644118e+00 -7.19787496e-03 -1.86343114e-03 9.99972359e-01 1.66777820e+02
9.99775703e-01 -2.00190689e-02 6.91237702e-03 -4.49074714e-01 2.00072938e-02 9.99798269e-01 1.76902127e-03 -2.86429890e+00 -6.94639707e-03 -1.63032630e-03 9.99974544e-01 1.68213268e+02
9.99813560e-01 -1.82012263e-02 6.44667283e-03 -4.42281967e-01 1.82051176e-02 9.99834125e-01 -5.44898188e-04 -2.88784477e+00 -6.43568597e-03 6.62158934e-04 9.99979072e-01 1.69519227e+02
9.99878048e-01 -1.44481634e-02 5.92789181e-03 -4.37662401e-01 1.44694925e-02 9.99888936e-01 -3.57065132e-03 -2.91681023e+00 -5.87564435e-03 3.65598893e-03 9.99976055e-01 1.70957721e+02
9.99935987e-01 -9.75032530e-03 5.74050568e-03 -4.11001048e-01 9.77813931e-03 9.99940494e-01 -4.83692668e-03 -2.93449054e+00 -5.69300274e-03 4.89274781e-03 9.99971825e-01 1.72265002e+02
9.99967949e-01 -5.28377665e-03 6.01517208e-03 -3.88261604e-01 5.30851822e-03 9.99977486e-01 -4.10451694e-03 -2.96154284e+00 -5.99334958e-03 4.13631643e-03 9.99973485e-01 1.73578748e+02
9.99976765e-01 -1.81498624e-03 6.57081389e-03 -3.77432026e-01 1.82484980e-03 9.99997217e-01 -1.49537983e-03 -2.98864796e+00 -6.56808183e-03 1.50733560e-03 9.99977294e-01 1.75032956e+02
9.99976450e-01 -1.38680695e-03 6.72128504e-03 -3.59134216e-01 1.38401461e-03 9.99998954e-01 4.20120426e-04 -3.01034776e+00 -6.72186097e-03 -4.10808136e-04 9.99977324e-01 1.76357045e+02
9.99973108e-01 -4.40347165e-03 5.86457556e-03 -3.39704866e-01 4.39297311e-03 9.99988727e-01 1.80198566e-03 -3.01613152e+00 -5.87244474e-03 -1.77617404e-03 9.99981180e-01 1.77811939e+02
9.99967273e-01 -6.88110991e-03 4.25489111e-03 -3.21190165e-01 6.87391987e-03 9.99974925e-01 1.70246123e-03 -3.02475865e+00 -4.26649946e-03 -1.67315750e-03 9.99989499e-01 1.79134662e+02
9.99971477e-01 -7.25329611e-03 2.10611695e-03 -3.13138378e-01 7.25886698e-03 9.99970146e-01 -2.64893872e-03 -3.04407339e+00 -2.08684062e-03 2.66415080e-03 9.99994274e-01 1.80591429e+02
9.99980447e-01 -6.21686212e-03 6.74948983e-04 -3.08726780e-01 6.22141487e-03 9.99956390e-01 -6.96501044e-03 -3.06426051e+00 -6.31619042e-04 6.96907240e-03 9.99975516e-01 1.81916668e+02
9.99998709e-01 -1.60489468e-03 8.22691119e-05 -3.13583149e-01 1.60549697e-03 9.99967262e-01 -7.93076001e-03 -3.08927964e+00 -6.95383612e-05 7.93088072e-03 9.99968548e-01 1.83249140e+02
9.99996525e-01 2.63586991e-03 -4.25185688e-05 -3.18274329e-01 -2.63608924e-03 9.99975874e-01 -6.42667539e-03 -3.11698721e+00 2.55776811e-05 6.42676422e-03 9.99979348e-01 1.84720088e+02
9.99990739e-01 4.29768499e-03 2.27564855e-04 -3.13922918e-01 -4.29687336e-03 9.99984790e-01 -3.45785061e-03 -3.13912247e+00 -2.42422152e-04 3.45684027e-03 9.99993996e-01 1.86061208e+02
9.99986905e-01 5.07545746e-03 6.56154567e-04 -3.08428147e-01 -5.07465959e-03 9.99986388e-01 -1.21345179e-03 -3.16766357e+00 -6.62304493e-04 1.21010596e-03 9.99999048e-01 1.87538862e+02
9.99989782e-01 4.46050851e-03 7.35064269e-04 -3.08629762e-01 -4.46019315e-03 9.99989960e-01 -4.31277052e-04 -3.19598559e+00 -7.36980645e-04 4.27994049e-04 9.99999637e-01 1.88885045e+02
9.99995058e-01 3.07011340e-03 6.77636017e-04 -3.06882257e-01 -3.07034045e-03 9.99995231e-01 3.33413127e-04 -3.22278796e+00 -6.76609207e-04 -3.35492009e-04 9.99999715e-01 1.90234342e+02
9.99999719e-01 3.36273275e-04 6.70615922e-04 -3.02659362e-01 -3.36801848e-04 9.99999633e-01 7.88136820e-04 -3.25312188e+00 -6.70350682e-04 -7.88362353e-04 9.99999465e-01 1.91721486e+02
9.99997007e-01 -2.21766040e-03 1.03353715e-03 -3.00515256e-01 2.21686029e-03 9.99997242e-01 7.75061385e-04 -3.28255014e+00 -1.03525318e-03 -7.72767748e-04 9.99999166e-01 1.93076282e+02
9.99984401e-01 -5.41126490e-03 1.38387212e-03 -2.97489762e-01 5.40874838e-03 9.99983723e-01 1.81653711e-03 -3.31724546e+00 -1.39367943e-03 -1.80902350e-03 9.99997393e-01 1.94571512e+02
9.99954871e-01 -9.33366926e-03 1.77154296e-03 -2.94200948e-01 9.32730290e-03 9.99950129e-01 3.56955322e-03 -3.34623580e+00 -1.80477174e-03 -3.55286791e-03 9.99992060e-01 1.95935506e+02
9.99917259e-01 -1.27055946e-02 2.01081681e-03 -2.95358065e-01 1.26987086e-02 9.99913580e-01 3.40217125e-03 -3.38844940e+00 -2.05386974e-03 -3.37635448e-03 9.99992191e-01 1.97437397e+02
9.99938329e-01 -1.08776277e-02 2.23937238e-03 -2.99642622e-01 1.08791503e-02 9.99940597e-01 -6.67896976e-04 -3.42206383e+00 -2.23197432e-03 6.92218157e-04 9.99997270e-01 1.98802201e+02
9.99985448e-01 -4.68705254e-03 2.67111798e-03 -3.14151009e-01 4.70359467e-03 9.99969591e-01 -6.22036176e-03 -3.47228337e+00 -2.64188170e-03 6.23283420e-03 9.99977086e-01 2.00167799e+02
9.99979156e-01 5.14360736e-03 3.90259588e-03 -3.32344895e-01 -5.11759142e-03 9.99964810e-01 -6.64752583e-03 -3.51828397e+00 -3.93665099e-03 6.62741442e-03 9.99970290e-01 2.01679641e+02
9.99899152e-01 1.31782700e-02 5.29332183e-03 -3.48197368e-01 -1.31647802e-02 9.99910023e-01 -2.57575211e-03 -3.55746834e+00 -5.32678978e-03 2.50580654e-03 9.99982673e-01 2.03060273e+02
9.99875221e-01 1.45846532e-02 6.06878161e-03 -3.51355729e-01 -1.45840005e-02 9.99893636e-01 -1.52271329e-04 -3.58361354e+00 -6.07035725e-03 6.37451756e-05 9.99981573e-01 2.04580715e+02
9.99904885e-01 1.26241098e-02 5.55449105e-03 -3.47785555e-01 -1.26232676e-02 9.99920306e-01 -1.87097105e-04 -3.60648094e+00 -5.55641061e-03 1.16963438e-04 9.99984556e-01 2.05963420e+02
9.99943737e-01 9.63622559e-03 4.43467200e-03 -3.43553161e-01 -9.63578433e-03 9.99953567e-01 -1.21276804e-04 -3.63017035e+00 -4.43563497e-03 7.85384047e-05 9.99990159e-01 2.07351238e+02
9.99969695e-01 7.07076062e-03 3.25797440e-03 -3.41868563e-01 -7.07012523e-03 9.99974985e-01 -2.06919664e-04 -3.65364519e+00 -3.25935615e-03 1.83879064e-04 9.99994671e-01 2.08881578e+02
9.99968845e-01 7.39896129e-03 2.75044552e-03 -3.42514551e-01 -7.39604210e-03 9.99972076e-01 -1.07053256e-03 -3.67600136e+00 -2.75828969e-03 1.05015663e-03 9.99995644e-01 2.10280616e+02
9.99956755e-01 8.91805966e-03 2.63762990e-03 -3.47798127e-01 -8.91572649e-03 9.99959853e-01 -8.95664161e-04 -3.71248585e+00 -2.64551173e-03 8.72108901e-04 9.99996120e-01 2.11824461e+02
9.99945544e-01 1.01253927e-02 2.52680162e-03 -3.52958966e-01 -1.01255505e-02 9.99948734e-01 4.88798052e-05 -3.74409911e+00 -2.52617729e-03 -7.44624060e-05 9.99996806e-01 2.13230524e+02
9.99951690e-01 9.55483181e-03 2.30714930e-03 -3.57232786e-01 -9.55480190e-03 9.99954352e-01 -2.47854710e-05 -3.77909037e+00 -2.30728093e-03 2.73990398e-06 9.99997338e-01 2.14637850e+02
9.99956753e-01 9.10782160e-03 1.88156742e-03 -3.57110307e-01 -9.10503342e-03 9.99957444e-01 -1.48605548e-03 -3.81276535e+00 -1.89502218e-03 1.46885925e-03 9.99997126e-01 2.16193139e+02
9.99963623e-01 8.35813346e-03 1.70138895e-03 -3.55503500e-01 -8.35543491e-03 9.99963832e-01 -1.58800665e-03 -3.83872602e+00 -1.71460028e-03 1.57373280e-03 9.99997292e-01 2.17610162e+02
9.99961221e-01 8.71994565e-03 1.23235682e-03 -3.60318773e-01 -8.71840770e-03 9.99961214e-01 -1.24924707e-03 -3.87103518e+00 -1.24320246e-03 1.23845425e-03 9.99998460e-01 2.19173442e+02
9.99961307e-01 8.75092375e-03 8.97458430e-04 -3.66508905e-01 -8.74932081e-03 9.99960146e-01 -1.77657885e-03 -3.90191121e+00 -9.12969418e-04 1.76865770e-03 9.99998019e-01 2.20595097e+02
9.99960583e-01 8.85269460e-03 6.79505471e-04 -3.71025028e-01 -8.85128961e-03 9.99958733e-01 -2.04600644e-03 -3.93700747e+00 -6.97590139e-04 2.03991099e-03 9.99997676e-01 2.22162370e+02
9.99950955e-01 9.89782026e-03 3.47161731e-04 -3.75154510e-01 -9.89711165e-03 9.99949038e-01 -1.99192645e-03 -3.96444895e+00 -3.66859792e-04 1.98839257e-03 9.99997956e-01 2.23589175e+02
9.99954605e-01 9.52821738e-03 1.32724320e-05 -3.76731665e-01 -9.52816008e-03 9.99951736e-01 -2.39586318e-03 -3.99218717e+00 -3.61001013e-05 2.39562761e-03 9.99997130e-01 2.25019029e+02
9.99949731e-01 1.00233074e-02 -2.61271555e-04 -3.78394067e-01 -1.00238777e-02 9.99947175e-01 -2.27334076e-03 -4.02039233e+00 2.38471368e-04 2.27584510e-03 9.99997382e-01 2.26593765e+02
9.99958333e-01 9.12134962e-03 -3.64912726e-04 -3.78152088e-01 -9.12210878e-03 9.99956123e-01 -2.13074269e-03 -4.05031870e+00 3.45461480e-04 2.13398237e-03 9.99997663e-01 2.28026237e+02
9.99969540e-01 7.80107324e-03 -2.48813728e-04 -3.78198519e-01 -7.80173248e-03 9.99965751e-01 -2.76219691e-03 -4.07868336e+00 2.27257117e-04 2.76405355e-03 9.99996154e-01 2.29601887e+02
9.99977452e-01 6.71470792e-03 -8.68976058e-05 -3.76227811e-01 -6.71490028e-03 9.99974512e-01 -2.42588568e-03 -4.10169983e+00 7.06062809e-05 2.42641414e-03 9.99997054e-01 2.31035768e+02
9.99986814e-01 5.13399260e-03 1.15026538e-04 -3.74210855e-01 -5.13379137e-03 9.99985387e-01 -1.69435805e-03 -4.12654437e+00 -1.23723686e-04 1.69374494e-03 9.99998558e-01 2.32473840e+02
9.99987605e-01 4.97778520e-03 1.04782744e-04 -3.73633255e-01 -4.97765170e-03 9.99986834e-01 -1.24657169e-03 -4.15697420e+00 -1.10986538e-04 1.24603449e-03 9.99999218e-01 2.34058002e+02
9.99985778e-01 5.33325729e-03 1.79380625e-05 -3.76050269e-01 -5.33322846e-03 9.99984825e-01 -1.38082958e-03 -4.18839631e+00 -2.53021124e-05 1.38071407e-03 9.99999046e-01 2.35500079e+02
9.99981469e-01 6.08236490e-03 2.57345544e-04 -3.78135838e-01 -6.08167422e-03 9.99978103e-01 -2.60885085e-03 -4.22411156e+00 -2.73207904e-04 2.60723704e-03 9.99996564e-01 2.37087285e+02
9.99973000e-01 7.30810393e-03 7.68388978e-04 -3.81100619e-01 -7.30667292e-03 9.99971593e-01 -1.85076068e-03 -4.25595349e+00 -7.81892743e-04 1.84509607e-03 9.99997992e-01 2.38534832e+02
9.99969878e-01 7.63392673e-03 1.40230447e-03 -3.82547667e-01 -7.63472361e-03 9.99970697e-01 5.62740239e-04 -4.28688588e+00 -1.39796754e-03 -5.73429423e-04 9.99998858e-01 2.39986168e+02
9.99971042e-01 7.35755969e-03 1.94460270e-03 -3.81693673e-01 -7.35938750e-03 9.99972483e-01 9.33730527e-04 -4.31838447e+00 -1.93767932e-03 -9.48014450e-04 9.99997673e-01 2.41584733e+02
9.99968223e-01 7.60440374e-03 2.39278933e-03 -3.81537531e-01 -7.60298383e-03 9.99970915e-01 -6.02563823e-04 -4.34915284e+00 -2.39730200e-03 5.84352240e-04 9.99996956e-01 2.43038211e+02
9.99966676e-01 7.60725989e-03 2.96244027e-03 -3.79157392e-01 -7.60139378e-03 9.99969135e-01 -1.98690710e-03 -4.38131591e+00 -2.97746391e-03 1.96432192e-03 9.99993638e-01 2.44640185e+02
9.99957647e-01 8.60614976e-03 3.26162781e-03 -3.76712316e-01 -8.60111113e-03 9.99961799e-01 -1.55622071e-03 -4.40729581e+00 -3.27489644e-03 1.52810094e-03 9.99993470e-01 2.46100135e+02
9.99961558e-01 8.10594249e-03 3.34316488e-03 -3.71931048e-01 -8.10383429e-03 9.99966956e-01 -6.44135033e-04 -4.43358775e+00 -3.34827590e-03 6.17017712e-04 9.99994204e-01 2.47563345e+02
9.99961887e-01 8.19109324e-03 3.02170888e-03 -3.67952066e-01 -8.19154258e-03 9.99966440e-01 1.35831662e-04 -4.46139141e+00 -3.02049502e-03 -1.60578935e-04 9.99995425e-01 2.49174130e+02
9.99960202e-01 8.47125690e-03 2.79860313e-03 -3.65569081e-01 -8.47257760e-03 9.99964001e-01 4.59810315e-04 -4.48920740e+00 -2.79460736e-03 -4.83503344e-04 9.99995978e-01 2.50639806e+02
9.99945872e-01 1.00072776e-02 2.84723265e-03 -3.62485716e-01 -1.00089038e-02 9.99949755e-01 5.56803671e-04 -4.51486385e+00 -2.84151765e-03 -5.85271143e-04 9.99995792e-01 2.52255475e+02
9.99935369e-01 1.09531682e-02 3.04739934e-03 -3.59515738e-01 -1.09549984e-02 9.99939822e-01 5.83810109e-04 -4.53836057e+00 -3.04082155e-03 -6.17156561e-04 9.99995186e-01 2.53726669e+02
9.99929711e-01 1.14875027e-02 2.93431612e-03 -3.55895383e-01 -1.14893813e-02 9.99933801e-01 6.23425938e-04 -4.56256569e+00 -2.92696043e-03 -6.57095519e-04 9.99995501e-01 2.55346975e+02
9.99945963e-01 9.96973413e-03 2.94557502e-03 -3.51443472e-01 -9.97253055e-03 9.99949835e-01 9.35548817e-04 -4.58807681e+00 -2.93610024e-03 -9.64872978e-04 9.99995224e-01 2.56823156e+02
9.99959203e-01 8.57156186e-03 2.84972704e-03 -3.47250140e-01 -8.57672158e-03 9.99961594e-01 1.80275107e-03 -4.61369111e+00 -2.83416535e-03 -1.82711860e-03 9.99994315e-01 2.58300106e+02
9.99979988e-01 5.61966649e-03 2.90561898e-03 -3.40227975e-01 -5.62790574e-03 9.99980145e-01 2.83489325e-03 -4.64116907e+00 -2.88963029e-03 -2.85118867e-03 9.99991760e-01 2.59925821e+02
9.99988078e-01 4.13630059e-03 2.59514812e-03 -3.34319800e-01 -4.14173992e-03 9.99989231e-01 2.09378955e-03 -4.66489307e+00 -2.58645977e-03 -2.10451273e-03 9.99994441e-01 2.61402724e+02
9.99993322e-01 2.81192687e-03 2.33413155e-03 -3.28522428e-01 -2.81366708e-03 9.99995766e-01 7.42370332e-04 -4.69081842e+00 -2.33203430e-03 -7.48932747e-04 9.99997000e-01 2.63027498e+02
9.99995390e-01 9.37811628e-04 2.88811549e-03 -3.24935980e-01 -9.44995862e-04 9.99996461e-01 2.48709380e-03 -4.71895099e+00 -2.88577299e-03 -2.48981125e-03 9.99992737e-01 2.64508381e+02
9.99994466e-01 -4.85501712e-05 3.32642117e-03 -3.24600187e-01 3.18020379e-05 9.99987325e-01 5.03475112e-03 -4.74981661e+00 -3.32662362e-03 -5.03461676e-03 9.99981793e-01 2.65991857e+02
9.99991830e-01 -2.07750644e-03 3.46762114e-03 -3.20305446e-01 2.06376574e-03 9.99990023e-01 3.96157424e-03 -4.79224122e+00 -3.47581693e-03 -3.95438496e-03 9.99986141e-01 2.67620668e+02
9.99988745e-01 -2.91703414e-03 3.74173619e-03 -3.16966277e-01 2.90783627e-03 9.99992743e-01 2.46142115e-03 -4.82707349e+00 -3.74888928e-03 -2.45051275e-03 9.99989970e-01 2.69100490e+02
9.99988383e-01 -1.86757382e-03 4.44370290e-03 -3.16118785e-01 1.85694721e-03 9.99995409e-01 2.39439309e-03 -4.87085815e+00 -4.44815443e-03 -2.38611322e-03 9.99987260e-01 2.70730599e+02
9.99984853e-01 -4.51320260e-04 5.48541589e-03 -3.15141576e-01 4.36200956e-04 9.99996104e-01 2.75717190e-03 -4.90987512e+00 -5.48663916e-03 -2.75473702e-03 9.99981154e-01 2.72212860e+02
9.99978764e-01 1.19672306e-03 6.40614390e-03 -3.13694663e-01 -1.21175198e-03 9.99996522e-01 2.34261247e-03 -4.95194734e+00 -6.40331849e-03 -2.35032507e-03 9.99976736e-01 2.73695436e+02
9.99969468e-01 2.44850568e-03 7.42080330e-03 -3.10784699e-01 -2.46520677e-03 9.99994448e-01 2.24220134e-03 -4.99186032e+00 -7.41527243e-03 -2.26042639e-03 9.99969952e-01 2.75327436e+02
9.99961479e-01 3.18473438e-03 8.17918079e-03 -3.11065543e-01 -3.20036225e-03 9.99993077e-01 1.89823592e-03 -5.04219369e+00 -8.17307921e-03 -1.92433889e-03 9.99964748e-01 2.76812703e+02
9.99952667e-01 3.52673093e-03 9.06781494e-03 -3.05543866e-01 -3.53832463e-03 9.99992943e-01 1.26275450e-03 -5.08801125e+00 -9.06329802e-03 -1.29477944e-03 9.99958089e-01 2.78445654e+02
9.99946094e-01 3.01053309e-03 9.93707989e-03 -3.00672745e-01 -3.01884799e-03 9.99995106e-01 8.21802199e-04 -5.13733733e+00 -9.93455769e-03 -8.51756345e-04 9.99950288e-01 2.79933061e+02
9.99939232e-01 2.45725160e-03 1.07467869e-02 -2.89831008e-01 -2.46742421e-03 9.99996520e-01 9.33370653e-04 -5.17374844e+00 -1.07444565e-02 -9.59830715e-04 9.99941816e-01 2.81422059e+02
9.99932450e-01 1.47578343e-03 1.15289955e-02 -2.75760030e-01 -1.50247778e-03 9.99996210e-01 2.30706577e-03 -5.21378753e+00 -1.15255476e-02 -2.32423169e-03 9.99930877e-01 2.83062750e+02
9.99929602e-01 9.31805116e-05 1.18651828e-02 -2.59800517e-01 -1.26143924e-04 9.99996135e-01 2.77744237e-03 -5.24412596e+00 -1.18648787e-02 -2.77874321e-03 9.99925749e-01 2.84553199e+02
9.99928824e-01 -6.04140520e-04 1.19156177e-02 -2.43735391e-01 6.00922962e-04 9.99999782e-01 2.73615837e-04 -5.28230651e+00 -1.19157810e-02 -2.66435992e-04 9.99928969e-01 2.86190980e+02
9.99931862e-01 -1.48627122e-03 1.15784876e-02 -2.29753355e-01 1.51177487e-03 9.99996450e-01 -2.19421055e-03 -5.31934902e+00 -1.15751859e-02 2.21156476e-03 9.99930560e-01 2.87680289e+02
9.99941485e-01 -1.09425984e-03 1.07624277e-02 -2.17162273e-01 1.12152422e-03 9.99996177e-01 -2.52756535e-03 -5.35693188e+00 -1.07596212e-02 2.53948738e-03 9.99938889e-01 2.89173715e+02
9.99946064e-01 -2.77391383e-03 1.00087200e-02 -2.03880656e-01 2.79234440e-03 9.99994431e-01 -1.82789465e-03 -5.39430080e+00 -1.00035943e-02 1.85574356e-03 9.99948241e-01 2.90820558e+02
9.99955696e-01 -2.68010513e-03 9.02349755e-03 -1.92453045e-01 2.70209967e-03 9.99993406e-01 -2.42610916e-03 -5.42731456e+00 -9.01693626e-03 2.45038369e-03 9.99956344e-01 2.92319262e+02
9.99961621e-01 -2.40254736e-03 8.42518967e-03 -1.82092342e-01 2.42525588e-03 9.99993452e-01 -2.68607834e-03 -5.46728895e+00 -8.41868148e-03 2.70640808e-03 9.99960900e-01 2.93972636e+02
9.99967219e-01 -2.36264997e-03 7.74465101e-03 -1.74870150e-01 2.37973446e-03 9.99994754e-01 -2.19744240e-03 -5.50528517e+00 -7.73941897e-03 2.21580024e-03 9.99967595e-01 2.95479161e+02
9.99972076e-01 -2.78356888e-03 6.93541218e-03 -1.68180980e-01 2.79696808e-03 9.99994240e-01 -1.92297184e-03 -5.54469690e+00 -6.93001984e-03 1.94231597e-03 9.99974101e-01 2.96989452e+02
9.99976997e-01 -3.43935278e-03 5.84604035e-03 -1.56592688e-01 3.44578194e-03 9.99993469e-01 -1.08991732e-03 -5.57703704e+00 -5.84225385e-03 1.11003626e-03 9.99982318e-01 2.98657604e+02
9.99984295e-01 -1.89107890e-03 5.27581601e-03 -1.49506243e-01 1.88878758e-03 9.99998120e-01 4.39322061e-04 -5.60823113e+00 -5.27663715e-03 -4.29350219e-04 9.99985986e-01 3.00181714e+02
9.99981379e-01 -1.33158799e-03 5.95550635e-03 -1.42929379e-01 1.32559070e-03 9.99998610e-01 1.01089280e-03 -5.64265368e+00 -5.95684447e-03 -1.00297929e-03 9.99981755e-01 3.01859088e+02
9.99975947e-01 -7.63737097e-04 6.89363024e-03 -1.35823763e-01 7.60297939e-04 9.99999585e-01 5.01516431e-04 -5.67729752e+00 -6.89401075e-03 -4.96263105e-04 9.99976113e-01 3.03388721e+02
9.99971622e-01 -1.97633111e-03 7.26978517e-03 -1.24698009e-01 1.97571691e-03 9.99998044e-01 9.17189656e-05 -5.70673996e+00 -7.26995258e-03 -7.73533353e-05 9.99973571e-01 3.04921602e+02
