1.00000000e+00 -5.30297334e-18 3.95860850e-17 0.00000000e+00 3.26794289e-18 1.00000000e+00 -7.81209759e-18 0.00000000e+00 5.31829392e-18 -2.80850071e-18 1.00000000e+00 0.00000000e+00
9.99996977e-01 -1.89357210e-03 -1.56861063e-03 3.44313469e-03 1.89211282e-03 9.99997776e-01 -9.31501552e-04 -9.34680890e-03 1.57037109e-03 9.28530621e-04 9.99998336e-01 5.42467630e-01
9.99993181e-01 -2.41752571e-03 -2.79154060e-03 6.98322588e-04 2.41098578e-03 9.99994347e-01 -2.34392714e-03 -2.29729338e-02 2.79719147e-03 2.33718047e-03 9.99993357e-01 1.13662911e+00
9.99986595e-01 -2.48154705e-03 -4.54451999e-03 -7.90814723e-03 2.46560947e-03 9.99990803e-01 -3.50934584e-03 -4.11809404e-02 4.55318704e-03 3.49809330e-03 9.99983516e-01 1.67564015e+00
9.99968829e-01 -4.49845396e-03 -6.48885317e-03 -1.48863855e-02 4.46385133e-03 9.99975793e-01 -5.33742244e-03 -5.83145448e-02 6.51270659e-03 5.30829006e-03 9.99964703e-01 2.21341129e+00
9.99941767e-01 -7.09694329e-03 -8.12997179e-03 -2.05525059e-02 7.03553225e-03 9.99946690e-01 -7.55768609e-03 -7.41682037e-02 8.18317529e-03 7.50004626e-03 9.99938391e-01 2.80987214e+00
9.99921262e-01 -8.24564760e-03 -9.45934216e-03 -2.93766780e-02 8.16544310e-03 9.99930650e-01 -8.48654987e-03 -8.99567866e-02 9.52866376e-03 8.40864077e-03 9.99919246e-01 3.36016927e+00
9.99904665e-01 -8.47470088e-03 -1.09013840e-02 -4.19471019e-02 8.39080638e-03 9.99935005e-01 -7.71876852e-03 -1.10306127e-01 1.09660903e-02 7.62656020e-03 9.99910786e-01 3.97264096e+00
9.99889576e-01 -8.75497474e-03 -1.20077638e-02 -5.57214045e-02 8.66036539e-03 9.99931223e-01 -7.90865106e-03 -1.34197002e-01 1.20761786e-02 7.80378506e-03 9.99896628e-01 4.53449269e+00
9.99879073e-01 -8.13942203e-03 -1.32509741e-02 -7.07662149e-02 7.99987377e-03 9.99912341e-01 -1.05504494e-02 -1.58146675e-01 1.33356878e-02 1.04431660e-02 9.99856540e-01 5.16087742e+00
9.99875866e-01 -6.51081215e-03 -1.43478516e-02 -8.79077286e-02 6.30580103e-03 9.99878039e-01 -1.42879271e-02 -1.79976512e-01 1.44391285e-02 1.41956768e-02 9.99794976e-01 5.73724167e+00
9.99866663e-01 -5.07376331e-03 -1.55213788e-02 -1.04624439e-01 4.79426191e-03 9.99826635e-01 -1.79920879e-02 -1.98489678e-01 1.56099763e-02 1.79152728e-02 9.99717646e-01 6.32450537e+00
9.99853065e-01 -3.51081996e-03 -1.67786136e-02 -1.24050067e-01 3.19714123e-03 9.99820297e-01 -1.86855885e-02 -2.18633177e-01 1.68412011e-02 1.86291967e-02 9.99684614e-01 6.98546915e+00
9.99840642e-01 -1.07285487e-03 -1.78196476e-02 -1.43795741e-01 8.48520997e-04 9.99920358e-01 -1.25919355e-02 -2.35710510e-01 1.78317387e-02 1.25748068e-02 9.99761923e-01 7.60634986e+00
9.99826276e-01 1.06404462e-05 -1.86391552e-02 -1.64900905e-01 -3.85424047e-05 9.99998879e-01 -1.49659625e-03 -2.54374339e-01 1.86391193e-02 1.49705449e-03 9.99825156e-01 8.30784210e+00
9.99813035e-01 1.04899439e-03 -1.93078856e-02 -1.83999262e-01 -9.43097928e-04 9.99984469e-01 5.49291983e-03 -2.73102394e-01 1.93133487e-02 -5.47368278e-03 9.99798496e-01 8.95655971e+00
9.99783681e-01 3.34866956e-03 -2.05274934e-02 -2.06173818e-01 -3.22725220e-03 9.99977120e-01 5.94517164e-03 -2.91313097e-01 2.05469331e-02 -5.87763728e-03 9.99771612e-01 9.61186092e+00
9.99754883e-01 5.61061979e-03 -2.14171820e-02 -2.32781887e-01 -5.65064651e-03 9.99982399e-01 -1.80879722e-03 -3.02997696e-01 2.14066577e-02 1.92937457e-03 9.99768990e-01 1.03422476e+01
9.99738317e-01 4.94592517e-03 -2.23346285e-02 -2.52828015e-01 -5.14545603e-03 9.99947289e-01 -8.88504280e-03 -3.08335454e-01 2.22895076e-02 8.99763837e-03 9.99711068e-01 1.10224175e+01
9.99715330e-01 2.66541131e-03 -2.37097996e-02 -2.69926350e-01 -2.85766742e-03 9.99963285e-01 -8.07851501e-03 -3.14679629e-01 2.36873977e-02 8.14396893e-03 9.99686242e-01 1.17978162e+01
9.99707561e-01 1.95956181e-03 -2.41029674e-02 -2.81353662e-01 -1.92677599e-03 9.99997187e-01 1.38340323e-03 -3.19928966e-01 2.41056117e-02 -1.33655738e-03 9.99708524e-01 1.25269636e+01
9.99697368e-01 1.65398728e-03 -2.45445943e-02 -2.96272151e-01 -1.41908501e-03 9.99953058e-01 9.58477264e-03 -3.24652552e-01 2.45592964e-02 -9.54703967e-03 9.99652787e-01 1.33464116e+01
9.99687527e-01 8.27293203e-04 -2.49832792e-02 -3.12193369e-01 -5.20809511e-04 9.99924566e-01 1.22715729e-02 -3.28466843e-01 2.49915480e-02 -1.22547251e-02 9.99612547e-01 1.41033780e+01
9.99680219e-01 -1.28721117e-03 -2.52547658e-02 -3.25653292e-01 1.57546186e-03 9.99933810e-01 1.13971275e-02 -3.29266076e-01 2.52384249e-02 -1.14332691e-02 9.99616077e-01 1.48730688e+01
9.99686701e-01 -2.11454109e-03 -2.49404891e-02 -3.44595404e-01 2.32914937e-03 9.99960488e-01 8.57888813e-03 -3.29082670e-01 2.49213644e-02 -8.63428919e-03 9.99652127e-01 1.57398304e+01
9.99704544e-01 2.01703189e-04 -2.43060454e-02 -3.57621939e-01 -7.29845684e-05 9.99985971e-01 5.29651596e-03 -3.30062443e-01 2.43067739e-02 -5.29317627e-03 9.99690534e-01 1.65381237e+01
9.99725448e-01 -2.64997815e-03 -2.32810063e-02 -3.65428175e-01 2.64305240e-03 9.99996453e-01 -3.28273632e-04 -3.36912138e-01 2.32817948e-02 2.66650621e-04 9.99728907e-01 1.74322331e+01
9.99727329e-01 -5.49086932e-03 -2.26962206e-02 -3.67663120e-01 5.34947596e-03 9.99965935e-01 -6.28589350e-03 -3.49572904e-01 2.27299636e-02 6.16276583e-03 9.99722646e-01 1.82570142e+01
9.99757086e-01 -4.97608777e-03 -2.14710740e-02 -3.80918344e-01 4.71019925e-03 9.99911819e-01 -1.24164657e-02 -3.64183595e-01 2.15309672e-02 1.23123149e-02 9.99692365e-01 1.91875266e+01
9.99767511e-01 -3.77863708e-03 -2.12284299e-02 -3.92237081e-01 3.49637443e-03 9.99905200e-01 -1.33178964e-02 -3.82649562e-01 2.12767420e-02 1.32405758e-02 9.99685944e-01 2.00510212e+01
9.99763262e-01 -3.41340908e-03 -2.14888000e-02 -4.05090738e-01 3.14098801e-03 9.99914439e-01 -1.26983946e-02 -4.05796924e-01 2.15303074e-02 1.26278906e-02 9.99688443e-01 2.09342096e+01
9.99768096e-01 -2.10440228e-03 -2.14318861e-02 -4.18957697e-01 1.81087148e-03 9.99904426e-01 -1.37062141e-02 -4.34501630e-01 2.14586822e-02 1.36642233e-02 9.99676355e-01 2.19215623e+01
9.99773707e-01 4.34840115e-04 -2.12684164e-02 -4.36191762e-01 -7.71683386e-04 9.99874367e-01 -1.58320759e-02 -4.61369361e-01 2.12588611e-02 1.58449035e-02 9.99648438e-01 2.28339972e+01
9.99764962e-01 4.12460038e-03 -2.12840029e-02 -4.50170264e-01 -4.48080210e-03 9.99850252e-01 -1.67151552e-02 -4.91160355e-01 2.12118734e-02 1.68065936e-02 9.99633730e-01 2.38589624e+01
9.99758431e-01 5.84279843e-03 -2.11882267e-02 -4.67321150e-01 -6.19407282e-03 9.99843834e-01 -1.65511442e-02 -5.19407150e-01 2.10882139e-02 1.66783851e-02 9.99638494e-01 2.47961711e+01
9.99747929e-01 6.71815471e-03 -2.14229808e-02 -4.86724736e-01 -7.07103364e-03 9.99839868e-01 -1.64389365e-02 -5.50703000e-01 2.13091121e-02 1.65862730e-02 9.99635342e-01 2.58331193e+01
9.99743790e-01 6.75005855e-03 -2.16053657e-02 -5.04498721e-01 -7.10823289e-03 9.99837866e-01 -1.65443270e-02 -5.79761229e-01 2.14901887e-02 1.66936618e-02 9.99629678e-01 2.67835718e+01
9.99731009e-01 7.50527962e-03 -2.19449377e-02 -5.23861618e-01 -7.84562228e-03 9.99849642e-01 -1.54641257e-02 -6.10009748e-01 2.18255767e-02 1.56321356e-02 9.99639575e-01 2.77411126e+01
9.99718335e-01 8.24250682e-03 -2.22556034e-02 -5.45575128e-01 -8.54354739e-03 9.99872837e-01 -1.34654044e-02 -6.42463610e-01 2.21417858e-02 1.36517516e-02 9.99661628e-01 2.88040911e+01
9.99705399e-01 8.89191924e-03 -2.25842415e-02 -5.66123827e-01 -9.16903077e-03 9.99883583e-01 -1.21962819e-02 -6.71953954e-01 2.24731652e-02 1.23997628e-02 9.99670547e-01 2.97778001e+01
9.99705020e-01 8.78680620e-03 -2.26421135e-02 -5.87849713e-01 -9.08254732e-03 9.99874351e-01 -1.29919102e-02 -7.04552113e-01 2.25251123e-02 1.31937241e-02 9.99659214e-01 3.08554864e+01
9.99691490e-01 9.82073386e-03 -2.28139679e-02 -6.09785556e-01 -1.01448495e-02 9.99848634e-01 -1.41347824e-02 -7.32984105e-01 2.26717018e-02 1.43618640e-02 9.99639801e-01 3.18422617e+01
9.99686068e-01 9.65681795e-03 -2.31195133e-02 -6.31661834e-01 -9.97074116e-03 9.99859135e-01 -1.35016475e-02 -7.63125602e-01 2.29858748e-02 1.37279257e-02 9.99641533e-01 3.28361988e+01
9.99676172e-01 8.92274336e-03 -2.38313929e-02 -6.54916284e-01 -9.17790215e-03 9.99901497e-01 -1.06189317e-02 -7.94998048e-01 2.37342966e-02 1.08342138e-02 9.99659594e-01 3.39412611e+01
9.99666649e-01 9.15876475e-03 -2.41393459e-02 -6.77593342e-01 -9.33613423e-03 9.99930169e-01 -7.24522855e-03 -8.22837593e-01 2.40713041e-02 7.46818052e-03 9.99682349e-01 3.49536125e+01
9.99651986e-01 9.34362973e-03 -2.46698861e-02 -7.03635342e-01 -9.45894980e-03 9.99944857e-01 -4.56190475e-03 -8.51366365e-01 2.46259022e-02 4.79366775e-03 9.99685243e-01 3.60754550e+01
9.99639761e-01 9.28706161e-03 -2.51813008e-02 -7.29846676e-01 -9.38891464e-03 9.99948202e-01 -3.92950547e-03 -8.77504169e-01 2.51435042e-02 4.16451447e-03 9.99675178e-01 3.70972839e+01
9.99634556e-01 8.70978517e-03 -2.55908919e-02 -7.49711945e-01 -8.85421843e-03 9.99945476e-01 -5.53598379e-03 -8.99173833e-01 2.55412806e-02 5.76054729e-03 9.99657171e-01 3.82279973e+01
9.99624200e-01 8.91404061e-03 -2.59229386e-02 -7.61930830e-01 -9.06844449e-03 9.99941799e-01 -5.84474858e-03 -9.15869995e-01 2.58693308e-02 6.07763206e-03 9.99646858e-01 3.92593903e+01
9.99612878e-01 8.69890023e-03 -2.64276813e-02 -7.83229835e-01 -8.83541872e-03 9.99948198e-01 -5.05330239e-03 -9.39942197e-01 2.63823555e-02 5.28484509e-03 9.99637955e-01 4.02936014e+01
9.99591670e-01 8.66311957e-03 -2.72294710e-02 -8.10512345e-01 -8.74340865e-03 9.99957769e-01 -2.83086980e-03 -9.69572496e-01 2.72037982e-02 3.06779190e-03 9.99625201e-01 4.14303807e+01
9.99575858e-01 8.75346731e-03 -2.77755292e-02 -8.37871491e-01 -8.77213030e-03 9.99961373e-01 -5.50082363e-04 -9.96061301e-01 2.77696425e-02 7.93499578e-04 9.99614034e-01 4.24636005e+01
9.99547412e-01 1.03026658e-02 -2.82635040e-02 -8.69974932e-01 -1.03093811e-02 9.99946853e-01 -9.18152446e-05 -1.02598009e+00 2.82610574e-02 3.83152949e-04 9.99600503e-01 4.35960682e+01
9.99528778e-01 1.09927049e-02 -2.86597690e-02 -9.03597154e-01 -1.11114906e-02 9.99930310e-01 -3.98864827e-03 -1.04613866e+00 2.86139271e-02 4.30522095e-03 9.99581266e-01 4.46189328e+01
9.99508526e-01 1.24493743e-02 -2.87701127e-02 -9.44448417e-01 -1.27003661e-02 9.99882726e-01 -8.55775019e-03 -1.06461874e+00 2.86602015e-02 8.91893405e-03 9.99549421e-01 4.57416039e+01
9.99494618e-01 1.31819935e-02 -2.89265241e-02 -9.79573336e-01 -1.34491223e-02 9.99868514e-01 -9.05959450e-03 -1.08657416e+00 2.88032986e-02 9.44405104e-03 9.99540484e-01 4.67699858e+01
9.99499729e-01 1.32732301e-02 -2.87073763e-02 -1.01218616e+00 -1.34620902e-02 9.99888929e-01 -6.39546836e-03 -1.10835795e+00 2.86193007e-02 6.77872929e-03 9.99567399e-01 4.78035415e+01
9.99493112e-01 1.41913603e-02 -2.84977983e-02 -1.04845929e+00 -1.43110402e-02 9.99889591e-01 -3.99995609e-03 -1.12994817e+00 2.84378885e-02 4.40576114e-03 9.99585852e-01 4.89402692e+01
9.99522714e-01 1.20874810e-02 -2.84294987e-02 -1.07659662e+00 -1.21699983e-02 9.99922213e-01 -2.73120289e-03 -1.14725708e+00 2.83942753e-02 3.07588591e-03 9.99592069e-01 4.99746879e+01
9.99521525e-01 1.29894603e-02 -2.80712517e-02 -1.11120736e+00 -1.30650301e-02 9.99911498e-01 -2.51023966e-03 -1.16752545e+00 2.80361621e-02 2.87578998e-03 9.99602773e-01 5.11100390e+01
9.99557861e-01 1.08794131e-02 -2.76716573e-02 -1.14039919e+00 -1.10295695e-02 9.99925235e-01 -5.27944742e-03 -1.18298405e+00 2.76121525e-02 5.58231892e-03 9.99603125e-01 5.21403273e+01
9.99546510e-01 1.20467654e-02 -2.75980015e-02 -1.17353307e+00 -1.22635784e-02 9.99895150e-01 -7.70028079e-03 -1.19738343e+00 2.75023458e-02 8.03523797e-03 9.99589444e-01 5.31672266e+01
9.99560614e-01 1.10248963e-02 -2.75141808e-02 -1.20834012e+00 -1.12987377e-02 9.99887975e-01 -9.81711140e-03 -1.21947850e+00 2.74028673e-02 1.01236720e-02 9.99573206e-01 5.43001246e+01
9.99574846e-01 9.69317245e-03 -2.74985357e-02 -1.24520668e+00 -1.00458456e-02 9.99868683e-01 -1.27160644e-02 -1.24146796e+00 2.73716670e-02 1.29869024e-02 9.99540961e-01 5.53236171e+01
9.99594321e-01 7.91403106e-03 -2.73598416e-02 -1.28055003e+00 -8.33510678e-03 9.99848044e-01 -1.53105928e-02 -1.27086584e+00 2.72345171e-02 1.55324267e-02 9.99508392e-01 5.64544239e+01
9.99608459e-01 6.55906473e-03 -2.72012230e-02 -1.31631201e+00 -6.92525492e-03 9.99886369e-01 -1.33899391e-02 -1.29771412e+00 2.71103080e-02 1.35730699e-02 9.99540296e-01 5.74837203e+01
9.99617455e-01 5.28771053e-03 -2.71474382e-02 -1.35088807e+00 -5.47901398e-03 9.99960648e-01 -6.97725349e-03 -1.32125129e+00 2.71094776e-02 7.12332463e-03 9.99607090e-01 5.86289027e+01
9.99629975e-01 4.23546790e-03 -2.68695526e-02 -1.38442637e+00 -4.26789158e-03 9.99990232e-01 -1.14944366e-03 -1.33689424e+00 2.68644230e-02 1.26369458e-03 9.99638288e-01 5.96704337e+01
9.99638908e-01 2.68874869e-03 -2.67361844e-02 -1.41413863e+00 -2.68203390e-03 9.99996362e-01 2.87025306e-04 -1.35173641e+00 2.67368602e-02 -2.15214199e-04 9.99642483e-01 6.07104217e+01
9.99648672e-01 -6.35877371e-04 -2.64976893e-02 -1.44207941e+00 5.53014406e-04 9.99994935e-01 -3.13439319e-03 -1.36285172e+00 2.64995496e-02 3.11863803e-03 9.99643961e-01 6.18489469e+01
9.99646675e-01 -2.52882240e-03 -2.64599599e-02 -1.46588077e+00 2.36306669e-03 9.99977402e-01 -6.29381125e-03 -1.37481548e+00 2.64752793e-02 6.22906003e-03 9.99630061e-01 6.28844851e+01
9.99648654e-01 -5.35622809e-04 -2.65005879e-02 -1.49785569e+00 2.62207406e-04 9.99946716e-01 -1.03197370e-02 -1.39416437e+00 2.65047047e-02 1.03091612e-02 9.99595529e-01 6.40233616e+01
9.99649467e-01 -1.26173589e-03 -2.64452601e-02 -1.52482407e+00 8.69593392e-04 9.99889581e-01 -1.48347279e-02 -1.41274474e+00 2.64610590e-02 1.48065291e-02 9.99540184e-01 6.50609248e+01
9.99661820e-01 1.83714049e-03 -2.59397448e-02 -1.55404908e+00 -2.24830947e-03 9.99872160e-01 -1.58306550e-02 -1.43277753e+00 2.59073469e-02 1.58836198e-02 9.99538153e-01 6.61027993e+01
9.99666574e-01 6.92366604e-03 -2.48757572e-02 -1.59043294e+00 -7.22149115e-03 9.99903084e-01 -1.19026309e-02 -1.45846386e+00 2.47909377e-02 1.20783006e-02 9.99619690e-01 6.72545690e+01
9.99658876e-01 8.39623679e-03 -2.47312345e-02 -1.61952232e+00 -8.63198376e-03 9.99918175e-01 -9.44100930e-03 -1.48078055e+00 2.46499432e-02 9.65126706e-03 9.99649555e-01 6.83002566e+01
9.99661183e-01 7.59859993e-03 -2.48954008e-02 -1.64656769e+00 -7.82819666e-03 9.99927606e-01 -9.13795430e-03 -1.49999942e+00 2.48241641e-02 9.32974304e-03 9.99648297e-01 6.94454787e+01
9.99675110e-01 6.17444231e-03 -2.47295315e-02 -1.66945451e+00 -6.38055996e-03 9.99945491e-01 -8.26461499e-03 -1.52005575e+00 2.46771554e-02 8.41971703e-03 9.99660015e-01 7.04885456e+01
9.99674283e-01 4.96399321e-03 -2.50336976e-02 -1.69530342e+00 -5.13554644e-03 9.99963738e-01 -6.79322567e-03 -1.54078507e+00 2.49990696e-02 6.91957381e-03 9.99663526e-01 7.16349327e+01
9.99673412e-01 3.45192854e-03 -2.53210026e-02 -1.72069011e+00 -3.58041995e-03 9.99980935e-01 -5.03089273e-03 -1.56394715e+00 2.53031548e-02 5.11990887e-03 9.99666713e-01 7.26755838e+01
9.99659200e-01 2.30863666e-03 -2.60029727e-02 -1.74997834e+00 -2.38824003e-03 9.99992556e-01 -3.03066174e-03 -1.58989868e+00 2.59957838e-02 3.09172987e-03 9.99657272e-01 7.37110622e+01
9.99644272e-01 1.54207669e-03 -2.66261278e-02 -1.78151481e+00 -1.65448918e-03 9.99989810e-01 -4.20036197e-03 -1.61679638e+00 2.66193806e-02 4.24291990e-03 9.99636637e-01 7.48459561e+01
9.99630757e-01 1.65508209e-03 -2.71221243e-02 -1.81364285e+00 -1.87141897e-03 9.99966624e-01 -7.95294654e-03 -1.64080400e+00 2.71080577e-02 8.00076577e-03 9.99600491e-01 7.58704082e+01
9.99610745e-01 2.26592416e-03 -2.78068895e-02 -1.84999333e+00 -2.55407997e-03 9.99943366e-01 -1.03315949e-02 -1.66906236e+00 2.77819055e-02 1.03985929e-02 9.99559921e-01 7.69988798e+01
9.99590349e-01 4.28990412e-03 -2.82971937e-02 -1.88889584e+00 -4.53975894e-03 9.99951226e-01 -8.77131197e-03 -1.69924526e+00 2.82581869e-02 8.89618004e-03 9.99561070e-01 7.80231320e+01
9.99570016e-01 5.26834599e-03 -2.88449047e-02 -1.92612610e+00 -5.40979164e-03 9.99973713e-01 -4.82778545e-03 -1.72763734e+00 2.88187135e-02 4.98175387e-03 9.99572240e-01 7.90495350e+01
9.99541943e-01 6.92671882e-03 -2.94605674e-02 -1.96820949e+00 -6.94115873e-03 9.99975835e-01 -3.87858836e-04 -1.75677997e+00 2.94571704e-02 5.92171651e-04 9.99565868e-01 8.01748362e+01
9.99522305e-01 8.06095618e-03 -2.98359228e-02 -2.00434685e+00 -8.04125800e-03 9.99967364e-01 7.80196857e-04 -1.77667616e+00 2.98412397e-02 -5.39905644e-04 9.99554505e-01 8.11939356e+01
9.99506532e-01 7.85004658e-03 -3.04149413e-02 -2.04313699e+00 -7.90304121e-03 9.99967454e-01 -1.62251595e-03 -1.79613039e+00 3.04012161e-02 1.86208565e-03 9.99536042e-01 8.23061500e+01
9.99489468e-01 7.62014478e-03 -3.10280130e-02 -2.07779747e+00 -7.70613923e-03 9.99966788e-01 -2.65282373e-03 -1.81604156e+00 3.10067692e-02 2.89057524e-03 9.99514995e-01 8.33127023e+01
9.99475797e-01 7.23121679e-03 -3.15569572e-02 -2.11560654e+00 -7.31084730e-03 9.99970374e-01 -2.40869222e-03 -1.83420732e+00 3.15386061e-02 2.63813738e-03 9.99499053e-01 8.44085936e+01
9.99461946e-01 6.01152570e-03 -3.22440817e-02 -2.14831555e+00 -6.08592534e-03 9.99979039e-01 -2.20970632e-03 -1.85182511e+00 3.22301237e-02 2.40475220e-03 9.99477582e-01 8.53926737e+01
9.99449119e-01 4.60076507e-03 -3.28677766e-02 -2.18175018e+00 -4.62813701e-03 9.99989004e-01 -7.56733000e-04 -1.86759754e+00 3.28639352e-02 9.08432673e-04 9.99459422e-01 8.63643335e+01
9.99432166e-01 4.80176624e-03 -3.33509767e-02 -2.22153424e+00 -4.73873969e-03 9.99986834e-01 1.96860916e-03 -1.88648127e+00 3.33599921e-02 -1.80944936e-03 9.99441763e-01 8.74136555e+01
9.99404602e-01 4.09087989e-03 -3.42594072e-02 -2.25749027e+00 -3.98019758e-03 9.99986639e-01 3.29831162e-03 -1.90432718e+00 3.42724442e-02 -3.15998805e-03 9.99407532e-01 8.83486681e+01
9.99331083e-01 3.02736285e-03 -3.64447616e-02 -2.30096847e+00 -2.90827968e-03 9.99990259e-01 3.32008248e-03 -1.92718717e+00 3.64544595e-02 -3.21186949e-03 9.99330154e-01 8.93528085e+01
9.99213636e-01 2.19842119e-03 -3.95888540e-02 -2.34032167e+00 -2.09001070e-03 9.99993953e-01 2.77959752e-03 -1.94777011e+00 3.95947273e-02 -2.69467010e-03 9.99212188e-01 9.02453715e+01
9.99076154e-01 2.26150997e-03 -4.29153124e-02 -2.38386228e+00 -2.18140772e-03 9.99995790e-01 1.91326589e-03 -1.96867939e+00 4.29194607e-02 -1.81788214e-03 9.99076882e-01 9.11153549e+01
9.98930800e-01 1.90832688e-03 -4.61910683e-02 -2.43109372e+00 -1.82821400e-03 9.99996751e-01 1.77657105e-03 -1.99085925e+00 4.61943108e-02 -1.69022400e-03 9.98931043e-01 9.20502031e+01
9.98783178e-01 2.93959608e-03 -4.92292734e-02 -2.48101734e+00 -2.78008425e-03 9.99990663e-01 3.30835183e-03 -2.01819149e+00 4.92385414e-02 -3.16746402e-03 9.98782025e-01 9.28779653e+01
9.98617067e-01 4.03057174e-03 -5.24185912e-02 -2.53549153e+00 -3.80921181e-03 9.99983404e-01 4.32216200e-03 -2.04181126e+00 5.24351447e-02 -4.11651048e-03 9.98615847e-01 9.37612061e+01
9.98461665e-01 4.95405725e-03 -5.52246424e-02 -2.58925497e+00 -4.63807718e-03 9.99972142e-01 5.84843713e-03 -2.06265444e+00 5.52520802e-02 -5.58330315e-03 9.98456827e-01 9.45412451e+01
9.98290052e-01 6.58673383e-03 -5.80825926e-02 -2.64786078e+00 -6.20335436e-03 9.99957785e-01 6.77845118e-03 -2.08105706e+00 5.81247914e-02 -6.40655238e-03 9.98288768e-01 9.53704125e+01
9.98137517e-01 8.61689807e-03 -6.03924384e-02 -2.70556315e+00 -8.18637896e-03 9.99939313e-01 7.37252464e-03 -2.10163925e+00 6.04523047e-02 -6.86439689e-03 9.98147484e-01 9.60974125e+01
9.97959235e-01 1.04642739e-02 -6.29909889e-02 -2.76267051e+00 -1.00698350e-02 9.99927674e-01 6.57608572e-03 -2.12310802e+00 6.30552501e-02 -5.92835557e-03 9.97992430e-01 9.67950371e+01
9.97767013e-01 1.19487015e-02 -6.57131346e-02 -2.82408987e+00 -1.17775524e-02 9.99926168e-01 2.99130802e-03 -2.14693673e+00 6.57440284e-02 -2.21068807e-03 9.97834072e-01 9.75292794e+01
9.97577705e-01 1.41647725e-02 -6.81034566e-02 -2.87954043e+00 -1.42477008e-02 9.99898228e-01 -7.32048993e-04 -2.16576166e+00 6.80861597e-02 1.70059339e-03 9.97677996e-01 9.81672126e+01
9.97386394e-01 1.62809481e-02 -7.03939748e-02 -2.93772252e+00 -1.65684733e-02 9.99856599e-01 -3.50247786e-03 -2.19026906e+00 7.03268600e-02 4.65964400e-03 9.97513118e-01 9.88373012e+01
9.97291071e-01 1.78286529e-02 -7.13628696e-02 -2.98769765e+00 -1.82076894e-02 9.99823346e-01 -4.66432050e-03 -2.21416110e+00 7.12671081e-02 5.95103751e-03 9.97439514e-01 9.94189536e+01
9.97294942e-01 2.02025709e-02 -7.06728673e-02 -3.03663628e+00 -2.05500673e-02 9.99780032e-01 -4.19322687e-03 -2.23749228e+00 7.05726110e-02 5.63421552e-03 9.97490733e-01 9.99770594e+01
9.97412505e-01 2.40949420e-02 -6.77327788e-02 -3.08779870e+00 -2.43123382e-02 9.99701562e-01 -2.38694394e-03 -2.26503996e+00 6.76550548e-02 4.02750958e-03 9.97700643e-01 1.00569024e+02
9.97673682e-01 2.68913823e-02 -6.26424527e-02 -3.12660813e+00 -2.69952525e-02 9.99635232e-01 -8.12143250e-04 -2.28734370e+00 6.25977662e-02 2.50130259e-03 9.98035702e-01 1.01085729e+02
9.98098788e-01 2.77523917e-02 -5.50328446e-02 -3.15798357e+00 -2.77357409e-02 9.99614721e-01 1.06654852e-03 -2.30786732e+00 5.50412436e-02 4.61856013e-04 9.98483975e-01 1.01629772e+02
9.98562124e-01 2.76121631e-02 -4.59483635e-02 -3.17734227e+00 -2.74825979e-02 9.99616331e-01 3.44937342e-03 -2.32320455e+00 4.60259814e-02 -2.18163282e-03 9.98937861e-01 1.02103971e+02
9.99066133e-01 2.71502669e-02 -3.36113684e-02 -3.19201649e+00 -2.70014443e-02 9.99623512e-01 4.87400031e-03 -2.34621950e+00 3.37310462e-02 -3.96189250e-03 9.99423094e-01 1.02602913e+02
9.99433064e-01 2.64132041e-02 -2.08780371e-02 -3.19708783e+00 -2.63144538e-02 9.99641256e-01 4.99081522e-03 -2.36527479e+00 2.10023717e-02 -4.43859093e-03 9.99769573e-01 1.03033839e+02
9.99647835e-01 2.60601078e-02 -5.00761108e-03 -3.19256982e+00 -2.60394871e-02 9.99652339e-01 4.14085334e-03 -2.38915137e+00 5.11378143e-03 -4.00899888e-03 9.99978888e-01 1.03489051e+02
9.99622877e-01 2.47156985e-02 1.19682279e-02 -3.17766698e+00 -2.47346162e-02 9.99693023e-01 1.43480345e-03 -2.40651261e+00 -1.19290924e-02 -1.73029168e-03 9.99927349e-01 1.03891205e+02
9.99201419e-01 2.41183439e-02 3.18563797e-02 -3.15348601e+00 -2.40384515e-02 9.99706861e-01 -2.88870551e-03 -2.42821077e+00 -3.19167138e-02 2.12062019e-03 9.99488282e-01 1.04284608e+02
9.98123050e-01 2.19055294e-02 5.71885018e-02 -3.11047620e+00 -2.14802750e-02 9.99736941e-01 -8.04031697e-03 -2.44622606e+00 -5.73495881e-02 6.79679979e-03 9.98331021e-01 1.04707503e+02
9.96359480e-01 1.96776861e-02 8.29492373e-02 -3.05886266e+00 -1.88518581e-02 9.99764737e-01 -1.07274401e-02 -2.46780194e+00 -8.31408178e-02 9.12463780e-03 9.96496034e-01 1.05085937e+02
9.93317740e-01 1.68587252e-02 1.14173773e-01 -2.98706993e+00 -1.55817871e-02 9.99805773e-01 -1.20674695e-02 -2.48459926e+00 -1.14355045e-01 1.02077983e-02 9.93387500e-01 1.05490928e+02
9.89350959e-01 1.44986595e-02 1.44825648e-01 -2.90845993e+00 -1.26596879e-02 9.99827216e-01 -1.36114210e-02 -2.50331100e+00 -1.44997979e-01 1.16330228e-02 9.89363563e-01 1.05851224e+02
9.83223227e-01 1.16504975e-02 1.82033927e-01 -2.80546016e+00 -8.98354855e-03 9.99839997e-01 -1.54685568e-02 -2.52385867e+00 -1.82185027e-01 1.35737312e-02 9.83170571e-01 1.06236374e+02
9.75796393e-01 8.32110763e-03 2.18522667e-01 -2.69615088e+00 -4.97289424e-03 9.99861736e-01 -1.58675833e-02 -2.54461670e+00 -2.18624500e-01 1.43968377e-02 9.75702855e-01 1.06579351e+02
9.65457818e-01 5.71342395e-03 2.60496747e-01 -2.56032073e+00 -1.43471000e-03 9.99860975e-01 -1.66124107e-02 -2.56259305e+00 -2.60555458e-01 1.56648415e-02 9.65331792e-01 1.06944242e+02
9.53907027e-01 6.04318138e-03 3.00041430e-01 -2.42713099e+00 -8.15014909e-04 9.99845709e-01 -1.75469164e-02 -2.58170047e+00 -3.00101191e-01 1.64935854e-02 9.53764772e-01 1.07266863e+02
9.39630087e-01 8.15406257e-03 3.42094733e-01 -2.28188858e+00 -2.12943950e-03 9.99836028e-01 -1.79828607e-02 -2.59665400e+00 -3.42185289e-01 1.61687636e-02 9.39493376e-01 1.07579677e+02
9.21244978e-01 7.89824439e-03 3.88902689e-01 -2.10325382e+00 -1.40530762e-03 9.99854890e-01 -1.69771713e-02 -2.61239777e+00 -3.88980364e-01 1.50936026e-02 9.21122395e-01 1.07911978e+02
9.02282444e-01 7.02439989e-03 4.31088204e-01 -1.92374295e+00 -2.90045230e-04 9.99876933e-01 -1.56855011e-02 -2.62451618e+00 -4.31145354e-01 1.40277140e-02 9.02173440e-01 1.08201798e+02
8.78378256e-01 5.45814293e-03 4.77934972e-01 -1.71168471e+00 2.42999772e-03 9.99870876e-01 -1.58847905e-02 -2.63853656e+00 -4.77959984e-01 1.51142320e-02 8.78251572e-01 1.08504552e+02
8.54633230e-01 5.50668046e-03 5.19202952e-01 -1.50740305e+00 4.22138053e-03 9.99837025e-01 -1.75528985e-02 -2.65202990e+00 -5.19215019e-01 1.71930397e-02 8.54470700e-01 1.08766654e+02
8.26009477e-01 7.26068079e-03 5.63609449e-01 -1.27089648e+00 5.27088993e-03 9.99773812e-01 -2.06044195e-02 -2.66695992e+00 -5.63631597e-01 1.99901648e-02 8.25784373e-01 1.09043721e+02
7.97134816e-01 1.14490382e-02 6.03692793e-01 -1.04535530e+00 4.20181251e-03 9.99690820e-01 -2.45073527e-02 -2.67932796e+00 -6.03786758e-01 2.20722632e-02 7.96840249e-01 1.09287448e+02
7.61983984e-01 1.74638991e-02 6.47360333e-01 -7.81352566e-01 1.36476576e-03 9.99590792e-01 -2.85724740e-02 -2.68817860e+00 -6.47594447e-01 2.26552578e-02 7.61648339e-01 1.09547883e+02
7.26708859e-01 2.20657783e-02 6.86591081e-01 -5.26080565e-01 -1.06780798e-03 9.99519046e-01 -3.09925158e-02 -2.69556210e+00 -6.86944771e-01 2.17893834e-02 7.26382907e-01 1.09772995e+02
6.89345587e-01 2.26196111e-02 7.24079408e-01 -2.54816586e-01 5.16280331e-04 9.99496822e-01 -3.17149331e-02 -2.70743652e+00 -7.24432482e-01 2.22363720e-02 6.88987044e-01 1.09982229e+02
6.46639293e-01 1.96122109e-02 7.62543742e-01 6.51857410e-02 5.40927330e-03 9.99526384e-01 -3.02943610e-02 -2.72031806e+00 -7.62776766e-01 2.37143263e-02 6.46226945e-01 1.10193796e+02
6.04851996e-01 1.74306513e-02 7.96147100e-01 3.69342531e-01 6.60888865e-03 9.99616114e-01 -2.69062888e-02 -2.72879427e+00 -7.96310503e-01 2.15359649e-02 6.04504603e-01 1.10375774e+02
5.56364517e-01 1.55921041e-02 8.30792018e-01 7.18409497e-01 7.82664889e-03 9.99681246e-01 -2.40031291e-02 -2.73844542e+00 -8.30901500e-01 1.98568018e-02 5.56065138e-01 1.10558679e+02
5.10855766e-01 1.33289655e-02 8.59563080e-01 1.04829270e+00 9.29693720e-03 9.99735662e-01 -2.10279392e-02 -2.74955155e+00 -8.59616188e-01 1.87335431e-02 5.10596807e-01 1.10707252e+02
4.57805052e-01 8.59542686e-03 8.89011032e-01 1.42682499e+00 1.21270448e-02 9.99799859e-01 -1.59115377e-02 -2.76136119e+00 -8.88969915e-01 1.80654542e-02 4.57609188e-01 1.10850459e+02
4.08356445e-01 8.27920659e-03 9.12784984e-01 1.77791501e+00 9.85403901e-03 9.99860618e-01 -1.34774531e-02 -2.77383092e+00 -9.12769387e-01 1.44982194e-02 4.08217943e-01 1.10969492e+02
3.59453255e-01 1.22234411e-02 9.33083009e-01 2.13650399e+00 6.25486494e-03 9.99860183e-01 -1.55078038e-02 -2.78531763e+00 -9.33142153e-01 1.14106349e-02 3.59326539e-01 1.11074174e+02
3.06211558e-01 1.79566088e-02 9.51794094e-01 2.54246551e+00 5.71120091e-03 9.99769438e-01 -2.06991304e-02 -2.79288093e+00 -9.51946379e-01 1.17741964e-02 3.06038402e-01 1.11169784e+02
2.61017294e-01 2.01408085e-02 9.65123968e-01 2.92728184e+00 6.80759348e-03 9.99719056e-01 -2.27038770e-02 -2.80263318e+00 -9.65310145e-01 1.24962722e-02 2.60806851e-01 1.11243215e+02
2.16886391e-01 1.96563657e-02 9.75998911e-01 3.36794085e+00 1.37550360e-02 9.99636467e-01 -2.31890691e-02 -2.81545506e+00 -9.76099964e-01 1.84542889e-02 2.16537170e-01 1.11304044e+02
1.82632133e-01 1.92244980e-02 9.82993324e-01 3.78332072e+00 2.16673925e-02 9.99487295e-01 -2.35727031e-02 -2.82629778e+00 -9.82942560e-01 2.56040294e-02 1.82121950e-01 1.11345672e+02
1.50044477e-01 2.09142038e-02 9.88457992e-01 4.25378735e+00 2.69457732e-02 9.99318346e-01 -2.52342727e-02 -2.83783594e+00 -9.88312010e-01 3.04210217e-02 1.49378648e-01 1.11388968e+02
1.22667872e-01 1.93552365e-02 9.92258998e-01 4.69950302e+00 2.53669668e-02 9.99422012e-01 -2.26309539e-02 -2.85378146e+00 -9.92123561e-01 2.79466858e-02 1.22105986e-01 1.11430112e+02
9.76171837e-02 1.57686013e-02 9.95099084e-01 5.16420494e+00 1.89084513e-02 9.99664608e-01 -1.76958343e-02 -2.86780554e+00 -9.95044424e-01 2.05431950e-02 9.72862822e-02 1.11470046e+02
7.18805682e-02 1.21092615e-02 9.97339711e-01 5.69359633e+00 1.37886090e-02 9.99818681e-01 -1.31331425e-02 -2.88341067e+00 -9.97317957e-01 1.46959409e-02 7.17005634e-02 1.11501452e+02
4.97593134e-02 9.05253748e-03 9.98720187e-01 6.19332651e+00 1.70316876e-02 9.99805829e-01 -9.91095425e-03 -2.89875620e+00 -9.98616033e-01 1.75030480e-02 4.95954699e-02 1.11509492e+02
2.99445877e-02 9.09546266e-03 9.99510152e-01 6.70762202e+00 2.43326837e-02 9.99655628e-01 -9.82578109e-03 -2.91339350e+00 -9.99255369e-01 2.46149878e-02 2.97129570e-02 1.11500573e+02
1.07512524e-02 1.13443441e-02 9.99877826e-01 7.29374896e+00 2.99333561e-02 9.99483866e-01 -1.16617405e-02 -2.92738020e+00 -9.99494099e-01 3.00550710e-02 1.04061274e-02 1.11482792e+02
-3.28428447e-03 1.68366102e-02 9.99852835e-01 7.84429624e+00 3.16290520e-02 9.99359744e-01 -1.67244195e-02 -2.93249147e+00 -9.99494305e-01 3.15694631e-02 -3.81470932e-03 1.11472840e+02
-1.55066837e-02 2.20039180e-02 9.99637594e-01 8.47383815e+00 2.86410283e-02 9.99357363e-01 -2.15534686e-02 -2.94026421e+00 -9.99469501e-01 2.82964197e-02 -1.61269350e-02 1.11463927e+02
-2.20164177e-02 2.26604180e-02 9.99500742e-01 9.06840426e+00 3.07598151e-02 9.99285146e-01 -2.19779783e-02 -2.95030676e+00 -9.99284324e-01 3.02605754e-02 -2.26977110e-02 1.11444793e+02
-2.49691492e-02 1.85567501e-02 9.99515952e-01 9.68667705e+00 3.64181912e-02 9.99180924e-01 -1.76407653e-02 -2.96285009e+00 -9.99024678e-01 3.59600810e-02 -2.56245024e-02 1.11416183e+02
-2.48057750e-02 1.74431791e-02 9.99540074e-01 1.03827633e+01 3.91688671e-02 9.99096971e-01 -1.64633920e-02 -2.97751422e+00 -9.98924684e-01 3.87424575e-02 -2.54666059e-02 1.11393561e+02
-2.32034543e-02 1.65841412e-02 9.99593175e-01 1.10337236e+01 3.86764365e-02 9.99128777e-01 -1.56786509e-02 -2.99067186e+00 -9.98982374e-01 3.82968956e-02 -2.38246561e-02 1.11380026e+02
-2.17487126e-02 1.65394533e-02 9.99626625e-01 1.17669791e+01 3.41068664e-02 9.99293420e-01 -1.57918894e-02 -3.00735496e+00 -9.99181548e-01 3.37506716e-02 -2.22974560e-02 1.11372762e+02
-2.07142334e-02 1.83536666e-02 9.99616933e-01 1.24474024e+01 3.37208519e-02 9.99275453e-01 -1.76486344e-02 -3.01815245e+00 -9.99216630e-01 3.33423498e-02 -2.13181278e-02 1.11358707e+02
-2.00032816e-02 1.89128920e-02 9.99620989e-01 1.31429400e+01 3.31723410e-02 9.99283143e-01 -1.82426997e-02 -3.03093731e+00 -9.99249476e-01 3.27948477e-02 -2.06163286e-02 1.11343851e+02
-1.94414746e-02 1.84805063e-02 9.99640160e-01 1.39243798e+01 3.29472766e-02 9.99297977e-01 -1.78334130e-02 -3.04894074e+00 -9.99268010e-01 3.25887064e-02 -2.00367102e-02 1.11327006e+02
-1.88112468e-02 1.71219839e-02 9.99676410e-01 1.46503864e+01 3.15677906e-02 9.99365037e-01 -1.65226358e-02 -3.06977012e+00 -9.99324603e-01 3.12467577e-02 -1.93398072e-02 1.11318492e+02
-1.82821751e-02 1.56774588e-02 9.99709923e-01 1.54608883e+01 3.24691396e-02 9.99358996e-01 -1.50781834e-02 -3.09357937e+00 -9.99305542e-01 3.21840524e-02 -1.87794914e-02 1.11305394e+02
-1.88555405e-02 1.35798170e-02 9.99729967e-01 1.62068782e+01 3.32925935e-02 9.99361787e-01 -1.29469026e-02 -3.11557438e+00 -9.99267793e-01 3.30394759e-02 -1.92956156e-02 1.11291027e+02
-2.01472972e-02 1.20624346e-02 9.99724229e-01 1.69567127e+01 3.12358243e-02 9.99446691e-01 -1.14296008e-02 -3.13768675e+00 -9.99308991e-01 3.09969284e-02 -2.05129312e-02 1.11276900e+02
-2.18794982e-02 1.09603850e-02 9.99700509e-01 1.77886451e+01 2.96269642e-02 9.99507854e-01 -1.03098613e-02 -3.15842595e+00 -9.99321560e-01 2.93925104e-02 -2.21934548e-02 1.11257417e+02
-2.32535425e-02 8.44989404e-03 9.99693864e-01 1.85553287e+01 3.17950547e-02 9.99464685e-01 -7.70838831e-03 -3.17364788e+00 -9.99223897e-01 3.16060672e-02 -2.35097610e-02 1.11234180e+02
-2.46025037e-02 7.27183394e-03 9.99670839e-01 1.94063535e+01 3.45505275e-02 9.99382335e-01 -6.41943124e-03 -3.19196375e+00 -9.99100109e-01 3.43812138e-02 -2.48385549e-02 1.11206246e+02
-2.65859840e-02 5.03869047e-03 9.99633807e-01 2.01892456e+01 3.03341671e-02 9.99530857e-01 -4.23141744e-03 -3.21158691e+00 -9.99186206e-01 3.02105562e-02 -2.67263575e-02 1.11188397e+02
-2.74443117e-02 9.77060022e-03 9.99575558e-01 2.09738837e+01 2.76804216e-02 9.99576212e-01 -9.01061961e-03 -3.22913464e+00 -9.99240038e-01 2.74213767e-02 -2.77031370e-02 1.11171620e+02
-2.81048947e-02 1.51808567e-02 9.99489673e-01 2.18432964e+01 2.92309575e-02 9.99469550e-01 -1.43586051e-02 -3.24881495e+00 -9.99177520e-01 2.88124869e-02 -2.85337390e-02 1.11149989e+02
-2.87943700e-02 1.70593230e-02 9.99439750e-01 2.26405210e+01 3.00494514e-02 9.99417236e-01 -1.61932053e-02 -3.27021822e+00 -9.99133607e-01 2.95663368e-02 -2.92902146e-02 1.11131689e+02
-2.99122843e-02 1.47889993e-02 9.99443090e-01 2.35259740e+01 2.63152891e-02 9.99555611e-01 -1.40030817e-02 -3.29687973e+00 -9.99206090e-01 2.58817640e-02 -3.02881700e-02 1.11118730e+02
-3.06631724e-02 1.08404790e-02 9.99470962e-01 2.43338713e+01 2.32922124e-02 9.99677395e-01 -1.01281327e-02 -3.32396451e+00 -9.99258371e-01 2.29693240e-02 -3.09057806e-02 1.11109780e+02
-3.06109066e-02 4.75155980e-03 9.99520057e-01 2.52244250e+01 2.14167775e-02 9.99762241e-01 -4.09681431e-03 -3.34920574e+00 -9.99301928e-01 2.12810864e-02 -3.07053933e-02 1.11092021e+02
-3.05395707e-02 -4.80174067e-04 9.99533418e-01 2.60360103e+01 1.83322265e-02 9.99831409e-01 1.04043266e-03 -3.36848450e+00 -9.99365456e-01 1.83554428e-02 -3.05256210e-02 1.11080694e+02
-3.04607707e-02 -1.99467627e-03 9.99533948e-01 2.68421349e+01 1.51900942e-02 9.99881602e-01 2.45828377e-03 -3.38956807e+00 -9.99420558e-01 1.52578919e-02 -3.04268665e-02 1.11068717e+02
-2.94306393e-02 3.68096998e-03 9.99560022e-01 2.77180294e+01 1.77323682e-02 9.99837776e-01 -3.15989300e-03 -3.41618215e+00 -9.99409551e-01 1.76315641e-02 -2.94911389e-02 1.11047411e+02
-2.82979758e-02 1.51006890e-02 9.99485439e-01 2.85060409e+01 2.02658216e-02 9.99689040e-01 -1.45299945e-02 -3.43724718e+00 -9.99394102e-01 1.98442194e-02 -2.85952057e-02 1.11023463e+02
-2.76537864e-02 2.18930784e-02 9.99377762e-01 2.93746866e+01 2.26199417e-02 9.99517842e-01 -2.12702380e-02 -3.46386771e+00 -9.99361624e-01 2.20176590e-02 -2.81356747e-02 1.10998992e+02
-2.64155503e-02 1.62551199e-02 9.99518854e-01 3.01732926e+01 2.37618412e-02 9.99595483e-01 -1.56283884e-02 -3.49284331e+00 -9.99368622e-01 2.33375704e-02 -2.67911179e-02 1.10977608e+02
-2.51911946e-02 8.02782993e-03 9.99650393e-01 3.09714819e+01 2.63393869e-02 9.99625935e-01 -7.36388627e-03 -3.52176945e+00 -9.99335624e-01 2.61446677e-02 -2.53932211e-02 1.10954944e+02
-2.45692864e-02 5.11548254e-03 9.99685016e-01 3.18373474e+01 2.80900448e-02 9.99595604e-01 -4.42466020e-03 -3.54894049e+00 -9.99303432e-01 2.79724802e-02 -2.47030464e-02 1.10930509e+02
-2.45106859e-02 5.66325885e-03 9.99683502e-01 3.26186636e+01 2.73123335e-02 9.99614478e-01 -4.99321694e-03 -3.57170139e+00 -9.99326429e-01 2.71812962e-02 -2.46559149e-02 1.10912597e+02
-2.53021286e-02 6.50945303e-03 9.99658631e-01 3.34737169e+01 2.42106523e-02 9.99689488e-01 -5.89686894e-03 -3.59632613e+00 -9.99386660e-01 2.40531788e-02 -2.54518717e-02 1.10895472e+02
-2.71293430e-02 6.90096083e-03 9.99608086e-01 3.42483498e+01 2.23381969e-02 9.99730649e-01 -6.29555403e-03 -3.61760218e+00 -9.99382336e-01 2.21586429e-02 -2.72761923e-02 1.10877115e+02
-2.92035711e-02 6.36494324e-03 9.99553195e-01 3.50965254e+01 2.15935815e-02 9.99750381e-01 -5.73531251e-03 -3.64291411e+00 -9.99340242e-01 2.14164367e-02 -2.93337249e-02 1.10853644e+02
-3.12283411e-02 7.11479927e-03 9.99486929e-01 3.58636120e+01 2.09199342e-02 9.99760264e-01 -6.46312011e-03 -3.66753976e+00 -9.99293349e-01 2.07073633e-02 -3.13696972e-02 1.10833127e+02
-3.31938142e-02 7.37358596e-03 9.99421708e-01 3.66275238e+01 1.91502039e-02 9.99793898e-01 -6.74030116e-03 -3.69005884e+00 -9.99265475e-01 1.89153885e-02 -3.33281802e-02 1.10814039e+02
-3.53641689e-02 6.58815381e-03 9.99352751e-01 3.74661701e+01 1.70001459e-02 9.99837546e-01 -5.98976963e-03 -3.71230424e+00 -9.99229914e-01 1.67773150e-02 -3.54704251e-02 1.10792447e+02
-3.73246613e-02 5.05615742e-03 9.99290376e-01 3.82250944e+01 1.74554271e-02 9.99837930e-01 -4.40695239e-03 -3.73745177e+00 -9.99150753e-01 1.72785479e-02 -3.74068711e-02 1.10769283e+02
-3.94153519e-02 4.83520968e-03 9.99211189e-01 3.90497686e+01 1.71708908e-02 9.99843911e-01 -4.16094547e-03 -3.76378993e+00 -9.99075393e-01 1.69933367e-02 -3.94922260e-02 1.10740293e+02
-4.11723928e-02 5.96084003e-03 9.99134252e-01 3.97954307e+01 1.69155960e-02 9.99843043e-01 -5.26801483e-03 -3.78732108e+00 -9.99008882e-01 1.66840502e-02 -4.12667632e-02 1.10712312e+02
-4.22306215e-02 6.78848527e-03 9.99084802e-01 4.06116490e+01 1.75824772e-02 9.99827110e-01 -6.05033524e-03 -3.81111646e+00 -9.98953193e-01 1.73108719e-02 -4.23426802e-02 1.10677020e+02
-4.33968414e-02 5.52592275e-03 9.99042606e-01 4.13518495e+01 1.95068836e-02 9.99798756e-01 -4.68276194e-03 -3.83372721e+00 -9.98867481e-01 1.92849860e-02 -4.34959032e-02 1.10642598e+02
-4.47370203e-02 4.63809506e-03 9.98988007e-01 4.20871582e+01 1.96886446e-02 9.99799089e-01 -3.76016220e-03 -3.85833106e+00 -9.98804789e-01 1.95004966e-02 -4.48193515e-02 1.10608137e+02
-4.61995900e-02 3.83821435e-03 9.98924830e-01 4.28918108e+01 1.86013247e-02 9.99822535e-01 -2.98137001e-03 -3.88479070e+00 -9.98759049e-01 1.84435825e-02 -4.62627887e-02 1.10573744e+02
-4.75521696e-02 2.78124550e-03 9.98864859e-01 4.36113572e+01 1.68301178e-02 9.99856398e-01 -1.98279300e-03 -3.90708286e+00 -9.98726984e-01 1.67167228e-02 -4.75921513e-02 1.10544834e+02
-4.85160598e-02 1.89795193e-03 9.98820574e-01 4.43847168e+01 1.56159241e-02 9.99877413e-01 -1.14144705e-03 -3.92717095e+00 -9.98700348e-01 1.55421235e-02 -4.85397522e-02 1.10512540e+02
-4.93455025e-02 1.15411384e-03 9.98781077e-01 4.50704421e+01 1.57237299e-02 9.99876303e-01 -3.78541666e-04 -3.94601780e+00 -9.98658017e-01 1.56858804e-02 -4.93575472e-02 1.10483376e+02
-4.96854944e-02 3.63639221e-03 9.98758268e-01 4.58146045e+01 1.59359074e-02 9.99868960e-01 -2.84767319e-03 -3.96840155e+00 -9.98637796e-01 1.57746270e-02 -4.97369344e-02 1.10451313e+02
-4.97659396e-02 6.60120809e-03 9.98739068e-01 4.64854194e+01 1.62125703e-02 9.99851741e-01 -5.80071523e-03 -3.98955071e+00 -9.98629337e-01 1.59034451e-02 -4.98655855e-02 1.10421104e+02
-4.99515091e-02 8.13147789e-03 9.98718517e-01 4.71543964e+01 1.43192087e-02 9.99869909e-01 -7.42467410e-03 -4.01014288e+00 -9.98649016e-01 1.39299812e-02 -5.00614488e-02 1.10393923e+02
-5.01804336e-02 9.03864431e-03 9.98699243e-01 4.78878760e+01 1.46494903e-02 9.99858133e-01 -8.31306318e-03 -4.03395400e+00 -9.98632748e-01 1.42132778e-02 -5.03057278e-02 1.10361523e+02
-5.02411442e-02 8.94834310e-03 9.98697003e-01 4.85524045e+01 1.57859418e-02 9.99842060e-01 -8.16446995e-03 -4.05418204e+00 -9.98612378e-01 1.53551763e-02 -5.03744688e-02 1.10329134e+02
-5.05424633e-02 7.99579651e-03 9.98689880e-01 4.92818939e+01 1.67001366e-02 9.99834908e-01 -7.15979613e-03 -4.07464646e+00 -9.98582302e-01 1.63163794e-02 -5.06676517e-02 1.10294661e+02
-5.09245099e-02 8.57265171e-03 9.98665687e-01 4.99374313e+01 1.31172655e-02 9.99882644e-01 -7.91422099e-03 -4.09303791e+00 -9.98616383e-01 1.26967313e-02 -5.10309849e-02 1.10269627e+02
-5.08774494e-02 8.20665899e-03 9.98671160e-01 5.06556240e+01 1.02644006e-02 9.99917719e-01 -7.69398683e-03 -4.11456261e+00 -9.98652180e-01 9.85930705e-03 -5.09575012e-02 1.10241825e+02
-5.07478614e-02 6.84974430e-03 9.98687982e-01 5.13052517e+01 1.20623646e-02 9.99907744e-01 -6.24517228e-03 -4.13131537e+00 -9.98638675e-01 1.17296058e-02 -5.08258053e-02 1.10209226e+02
-5.15175785e-02 6.48572010e-03 9.98651002e-01 5.19506202e+01 1.28481288e-02 9.99900457e-01 -5.83104137e-03 -4.14748252e+00 -9.98589462e-01 1.25303918e-02 -5.15957812e-02 1.10175955e+02
-5.50068789e-02 5.94470643e-03 9.98468254e-01 5.26561762e+01 9.79863238e-03 9.99937338e-01 -5.41363928e-03 -4.16775200e+00 -9.98437920e-01 9.48583265e-03 -5.50616836e-02 1.10143563e+02
-6.00175985e-02 5.43200545e-03 9.98182514e-01 5.32946631e+01 5.65181408e-03 9.99971013e-01 -5.10191751e-03 -4.18726397e+00 -9.98181344e-01 5.33533443e-03 -6.00465610e-02 1.10113278e+02
