1.00000000e+00 -6.12913812e-18 1.33264502e-18 0.00000000e+00 -8.35530369e-18 1.00000000e+00 -2.90444233e-18 0.00000000e+00 -8.11430815e-18 -2.27222143e-18 1.00000000e+00 -2.22044605e-16
9.99999590e-01 6.54719010e-04 -6.25072470e-04 -1.18812356e-02 -6.54793223e-04 9.99999779e-01 -1.18329675e-04 -2.55095376e-02 6.24994889e-04 1.18738904e-04 9.99999798e-01 1.09093292e+00
9.99998361e-01 1.30927280e-03 -1.25014809e-03 -2.37626067e-02 -1.30956989e-03 9.99999115e-01 -2.36655733e-04 -5.10187410e-02 1.24983720e-03 2.38292470e-04 9.99999191e-01 2.18186473e+00
9.99996314e-01 1.96366033e-03 -1.87522658e-03 -3.56441194e-02 -1.96432970e-03 9.99998008e-01 -3.54978183e-04 -7.65276100e-02 1.87452588e-03 3.58660391e-04 9.99998179e-01 3.27279543e+00
9.99993448e-01 2.61788056e-03 -2.50030768e-03 -4.75257662e-02 -2.61907234e-03 9.99996458e-01 -4.73297033e-04 -1.02036145e-01 2.49905991e-03 4.79842356e-04 9.99996762e-01 4.36372503e+00
9.99989763e-01 3.27193243e-03 -3.12539110e-03 -5.94075495e-02 -3.27379748e-03 9.99994466e-01 -5.91612290e-04 -1.27544345e-01 3.12343825e-03 6.01838052e-04 9.99994941e-01 5.45465351e+00
9.99985261e-01 3.92581490e-03 -3.75047658e-03 -7.12894700e-02 -3.92850483e-03 9.99992031e-01 -7.09923961e-04 -1.53052210e-01 3.74765985e-03 7.24647168e-04 9.99992715e-01 6.54558090e+00
9.99979941e-01 4.57952694e-03 -4.37556384e-03 -8.31715214e-02 -4.58319406e-03 9.99989154e-01 -8.28232055e-04 -1.78559741e-01 4.37172368e-03 8.48269388e-04 9.99990084e-01 7.63650717e+00
9.99973804e-01 5.23306749e-03 -5.00065260e-03 -9.50537054e-02 -5.23786488e-03 9.99985834e-01 -9.46536579e-04 -2.04066937e-01 4.99562872e-03 9.72704398e-04 9.99987049e-01 8.72743233e+00
9.99966850e-01 5.88643551e-03 -5.62574259e-03 -1.06936024e-01 -5.89251695e-03 9.99982072e-01 -1.06483754e-03 -2.29573799e-01 5.61937391e-03 1.09795188e-03 9.99983608e-01 9.81835639e+00
9.99959079e-01 6.53962997e-03 -6.25083354e-03 -1.18818468e-01 -6.54714998e-03 9.99977867e-01 -1.18313495e-03 -2.55080326e-01 6.24295823e-03 1.22401152e-03 9.99979763e-01 1.09092793e+01
9.99950493e-01 7.19264983e-03 -6.87592516e-03 -1.30701046e-01 -7.20176366e-03 9.99973220e-01 -1.30142881e-03 -2.80586517e-01 6.86638065e-03 1.35088299e-03 9.99975514e-01 1.20002012e+01
9.99941090e-01 7.84549403e-03 -7.50101720e-03 -1.42583748e-01 -7.85635766e-03 9.99968130e-01 -1.41971913e-03 -3.06092374e-01 7.48964012e-03 1.47856597e-03 9.99970859e-01 1.30911219e+01
9.99921165e-01 9.40033792e-03 -8.32445782e-03 -1.54473781e-01 -9.41479912e-03 9.99954236e-01 -1.69949556e-03 -3.31188600e-01 8.30810144e-03 1.77773444e-03 9.99963907e-01 1.41244142e+01
9.99919838e-01 9.15065133e-03 -8.75120140e-03 -1.66349533e-01 -9.16548542e-03 9.99956624e-01 -1.65628918e-03 -3.57103083e-01 8.73566612e-03 1.73636519e-03 9.99960336e-01 1.52729601e+01
9.99919469e-01 8.55152961e-03 -9.37692232e-03 -1.79229834e-01 -8.56415223e-03 9.99962473e-01 -1.30663466e-03 -3.85200267e-01 9.36539717e-03 1.38683465e-03 9.99955182e-01 1.65370531e+01
9.99917836e-01 8.21486893e-03 -9.84063836e-03 -1.91635998e-01 -8.22402905e-03 9.99965786e-01 -8.90581768e-04 -4.09955251e-01 9.83298614e-03 9.71438175e-04 9.99951183e-01 1.76864146e+01
9.99908500e-01 8.44434163e-03 -1.05680616e-02 -2.06763214e-01 -8.46455864e-03 9.99962427e-01 -1.86961146e-03 -4.37748237e-01 1.05518774e-02 1.95889411e-03 9.99942409e-01 1.89495723e+01
9.99905506e-01 8.18929506e-03 -1.10414886e-02 -2.21085843e-01 -8.22151119e-03 9.99962069e-01 -2.87536430e-03 -4.62836864e-01 1.10175231e-02 2.96586992e-03 9.99934907e-01 2.00977644e+01
9.99891439e-01 8.78785622e-03 -1.18272240e-02 -2.37109790e-01 -8.81538246e-03 9.99958551e-01 -2.27710199e-03 -4.88609300e-01 1.18067235e-02 2.38111598e-03 9.99927463e-01 2.12480290e+01
9.99879864e-01 9.03338066e-03 -1.25958261e-02 -2.55197885e-01 -9.06121812e-03 9.99956625e-01 -2.15460036e-03 -5.18092196e-01 1.25758170e-02 2.26847475e-03 9.99918348e-01 2.25129021e+01
9.99868388e-01 9.03267585e-03 -1.34765657e-02 -2.71879182e-01 -9.07272045e-03 9.99954599e-01 -2.91312226e-03 -5.45417992e-01 1.34496412e-02 3.03500757e-03 9.99904943e-01 2.36619181e+01
9.99854104e-01 9.26525417e-03 -1.43500982e-02 -2.92260930e-01 -9.30180287e-03 9.99953657e-01 -2.48215828e-03 -5.72496120e-01 1.43264361e-02 2.61527759e-03 9.99893951e-01 2.49274635e+01
9.99851480e-01 8.43685860e-03 -1.50279154e-02 -3.10477260e-01 -8.44380561e-03 9.99964271e-01 -3.98775059e-04 -5.97303546e-01 1.50240148e-02 5.25608594e-04 9.99886995e-01 2.60801444e+01
9.99843122e-01 7.81614345e-03 -1.58946576e-02 -3.29312777e-01 -7.81941337e-03 9.99969418e-01 -1.43492999e-04 -6.19809864e-01 1.58930507e-02 2.67757392e-04 9.99873662e-01 2.72312731e+01
9.99833902e-01 7.15481051e-03 -1.67623766e-02 -3.51048939e-01 -7.18247193e-03 9.99972941e-01 -1.59050600e-03 -6.47100587e-01 1.67505440e-02 1.71063692e-03 9.99858236e-01 2.84958165e+01
9.99821028e-01 6.63900977e-03 -1.77153982e-02 -3.71238426e-01 -6.68203764e-03 9.99974865e-01 -2.37068215e-03 -6.72138282e-01 1.76992149e-02 2.48863251e-03 9.99840260e-01 2.96455586e+01
9.99804078e-01 7.04009433e-03 -1.84998023e-02 -3.95909131e-01 -7.08483004e-03 9.99972132e-01 -2.35367264e-03 -7.00311279e-01 1.84827176e-02 2.48427915e-03 9.99826094e-01 3.09110944e+01
9.99795178e-01 6.58672571e-03 -1.91367759e-02 -4.18175934e-01 -6.62270789e-03 9.99976418e-01 -1.81743148e-03 -7.26898946e-01 1.91243546e-02 1.94379629e-03 9.99815223e-01 3.20620234e+01
9.99784404e-01 6.36693900e-03 -1.97638111e-02 -4.41385694e-01 -6.39901314e-03 9.99978309e-01 -1.55999400e-03 -7.54112964e-01 1.97534510e-02 1.68612637e-03 9.99803460e-01 3.32131074e+01
9.99778567e-01 5.58797426e-03 -2.02877004e-02 -4.66996871e-01 -5.61919914e-03 9.99983113e-01 -1.48237179e-03 -7.82192839e-01 2.02790753e-02 1.59604400e-03 9.99793084e-01 3.44803157e+01
9.99766270e-01 5.66291485e-03 -2.08647212e-02 -4.91960525e-01 -5.69524514e-03 9.99982671e-01 -1.49037226e-03 -8.08516953e-01 2.08559208e-02 1.60885345e-03 9.99781197e-01 3.56320143e+01
9.99766677e-01 4.78476495e-03 -2.10641122e-02 -5.18567989e-01 -4.80544569e-03 9.99988020e-01 -9.31248961e-04 -8.37591422e-01 2.10594051e-02 1.03225404e-03 9.99777693e-01 3.68990560e+01
9.99767899e-01 4.91528649e-03 -2.09759067e-02 -5.44301168e-01 -4.91162607e-03 9.99987912e-01 2.26065482e-04 -8.63061895e-01 2.09767654e-02 -1.22987122e-04 9.99779956e-01 3.80515556e+01
9.99768711e-01 5.35784608e-03 -2.08282851e-02 -5.70026186e-01 -5.33453634e-03 9.99985081e-01 1.17458735e-03 -8.88671901e-01 2.08342686e-02 -1.06320622e-03 9.99782378e-01 3.92036345e+01
9.99765042e-01 6.19807838e-03 -2.07712410e-02 -5.99146954e-01 -6.18397335e-03 9.99980603e-01 7.43284844e-04 -9.16256898e-01 2.07754460e-02 -6.14661255e-04 9.99783978e-01 4.04695329e+01
9.99761929e-01 6.97384013e-03 -2.06748771e-02 -6.26120122e-01 -6.96220577e-03 9.99975562e-01 6.34719934e-04 -9.39692504e-01 2.06787993e-02 -4.90625949e-04 9.99786050e-01 4.16208972e+01
9.99747594e-01 9.99175040e-03 -2.01224478e-02 -6.59103496e-01 -9.94745018e-03 9.99947877e-01 2.30052110e-03 -9.63485157e-01 2.01443862e-02 -2.09977303e-03 9.99794876e-01 4.28895467e+01
9.99774877e-01 1.02571931e-02 -1.85737663e-02 -6.84974250e-01 -1.01603708e-02 9.99934337e-01 5.29984445e-03 -9.82518939e-01 1.86269091e-02 -5.10993420e-03 9.99813446e-01 4.40447958e+01
9.99799117e-01 1.08057129e-02 -1.68808267e-02 -7.09045531e-01 -1.06732957e-02 9.99911714e-01 7.91485634e-03 -9.98901699e-01 1.69648629e-02 -7.73309117e-03 9.99826181e-01 4.52003185e+01
9.99825854e-01 1.10847606e-02 -1.50129729e-02 -7.31970425e-01 -1.09147597e-02 9.99875916e-01 1.13587277e-02 -1.01324172e+00 1.51370195e-02 -1.11928850e-02 9.99822779e-01 4.64731247e+01
9.99847052e-01 1.07971489e-02 -1.37584225e-02 -7.50877134e-01 -1.06125355e-02 9.99853609e-01 1.34214533e-02 -1.02550760e+00 1.39013224e-02 -1.32733869e-02 9.99815268e-01 4.76300902e+01
9.99882757e-01 9.07332815e-03 -1.23347924e-02 -7.66258046e-01 -8.92803255e-03 9.99890709e-01 1.17839388e-02 -1.03466374e+00 1.24403644e-02 -1.16724301e-02 9.99854485e-01 4.87843883e+01
9.99891149e-01 9.58553021e-03 -1.12163934e-02 -7.84604300e-01 -9.48072627e-03 9.99911248e-01 9.36013980e-03 -1.04662976e+00 1.13051203e-02 -9.25278003e-03 9.99893284e-01 5.00545257e+01
9.99888045e-01 1.07477690e-02 -1.04106800e-02 -8.02249008e-01 -1.06522052e-02 9.99901014e-01 9.19196166e-03 -1.05893581e+00 1.05084431e-02 -9.08003456e-03 9.99903558e-01 5.12120118e+01
9.99898678e-01 9.72803582e-03 -1.03922950e-02 -8.18116745e-01 -9.63786820e-03 9.99915779e-01 8.69169919e-03 -1.07395756e+00 1.04759734e-02 -8.59065770e-03 9.99908223e-01 5.24862797e+01
9.99897172e-01 9.07968602e-03 -1.10997683e-02 -8.34031746e-01 -8.99114685e-03 9.99927570e-01 8.00086959e-03 -1.08847872e+00 1.11716103e-02 -7.90024607e-03 9.99906386e-01 5.36452550e+01
9.99878126e-01 9.24697690e-03 -1.25787942e-02 -8.51288295e-01 -9.14821572e-03 9.99927054e-01 7.88655326e-03 -1.10292418e+00 1.26508040e-02 -7.77051743e-03 9.99889782e-01 5.48053532e+01
9.99856389e-01 9.27151685e-03 -1.41859324e-02 -8.72920857e-01 -9.13751843e-03 9.99913297e-01 9.48182680e-03 -1.12127439e+00 1.42726141e-02 -9.35083951e-03 9.99854417e-01 5.60835278e+01
9.99842941e-01 9.24821188e-03 -1.51183399e-02 -8.94100679e-01 -9.09966245e-03 9.99909932e-01 9.86532942e-03 -1.13554856e+00 1.52082156e-02 -9.72620675e-03 9.99837042e-01 5.72444181e+01
9.99819573e-01 1.02415197e-02 -1.59978965e-02 -9.19765645e-01 -1.00887625e-02 9.99903020e-01 9.60039706e-03 -1.15087107e+00 1.60946685e-02 -9.43726452e-03 9.99825935e-01 5.85196624e+01
9.99804392e-01 1.06209613e-02 -1.66845266e-02 -9.43191130e-01 -1.04636578e-02 9.99900246e-01 9.48740011e-03 -1.16547301e+00 1.67836283e-02 -9.31096174e-03 9.99815791e-01 5.96785858e+01
9.99807748e-01 1.00267488e-02 -1.68502650e-02 -9.65814424e-01 -9.87657437e-03 9.99910973e-01 8.97211374e-03 -1.18042172e+00 1.69387268e-02 -8.80396463e-03 9.99817768e-01 6.08361012e+01
9.99816426e-01 8.67688639e-03 -1.70829352e-02 -9.88904343e-01 -8.54171747e-03 9.99931759e-01 7.96973600e-03 -1.19731775e+00 1.71509228e-02 -7.82235419e-03 9.99822313e-01 6.21078073e+01
9.99814051e-01 8.26350500e-03 -1.74234932e-02 -1.01171358e+00 -8.11021500e-03 9.99927945e-01 8.85036200e-03 -1.21085393e+00 1.74953736e-02 -8.70740672e-03 9.99809028e-01 6.32648185e+01
9.99809653e-01 8.27436363e-03 -1.76689971e-02 -1.03690777e+00 -8.08049249e-03 9.99906674e-01 1.10158251e-02 -1.22691190e+00 1.77584980e-02 -1.08709525e-02 9.99783206e-01 6.45362884e+01
9.99800918e-01 8.70088180e-03 -1.79560088e-02 -1.06133211e+00 -8.52900147e-03 9.99917286e-01 9.62687500e-03 -1.24023119e+00 1.80382867e-02 -9.47181024e-03 9.99792431e-01 6.56874614e+01
9.99786183e-01 1.01331428e-02 -1.80251771e-02 -1.08748809e+00 -9.99133343e-03 9.99918560e-01 7.94013622e-03 -1.25232382e+00 1.81041685e-02 -7.75834177e-03 9.99806005e-01 6.68368033e+01
9.99759052e-01 1.24135639e-02 -1.81036552e-02 -1.11742813e+00 -1.22682228e-02 9.99891793e-01 8.11748789e-03 -1.26855795e+00 1.82024641e-02 -7.89343114e-03 9.99803163e-01 6.81007808e+01
9.99737003e-01 1.41567682e-02 -1.80419409e-02 -1.14384770e+00 -1.40076912e-02 9.99866916e-01 8.36271572e-03 -1.28310340e+00 1.81579297e-02 -8.10778920e-03 9.99802257e-01 6.92469258e+01
9.99716236e-01 1.58502958e-02 -1.77824338e-02 -1.17224865e+00 -1.56941545e-02 9.99837351e-01 8.88627819e-03 -1.29862869e+00 1.79203925e-02 -8.60467505e-03 9.99802390e-01 7.05047044e+01
9.99726148e-01 1.62493352e-02 -1.68400468e-02 -1.19573357e+00 -1.60862535e-02 9.99822825e-01 9.77498162e-03 -1.31415432e+00 1.69959009e-02 -9.50141007e-03 9.99810413e-01 7.16465816e+01
9.99728735e-01 1.79279818e-02 -1.48675194e-02 -1.21839782e+00 -1.77746803e-02 9.99788133e-01 1.03802240e-02 -1.32902554e+00 1.50504667e-02 -1.01131413e-02 9.99835590e-01 7.27863742e+01
9.99778631e-01 1.72260003e-02 -1.20811389e-02 -1.23567084e+00 -1.71126634e-02 9.99809163e-01 9.42304133e-03 -1.34859243e+00 1.22411552e-02 -9.21421355e-03 9.99882619e-01 7.40342015e+01
9.99855799e-01 1.38103820e-02 -9.88204333e-03 -1.24424119e+00 -1.37710120e-02 9.99897008e-01 4.04128640e-03 -1.36509078e+00 9.93683774e-03 -3.90461732e-03 9.99943005e-01 7.51625757e+01
9.99870633e-01 1.43435842e-02 -7.27864491e-03 -1.25448589e+00 -1.43258727e-02 9.99894304e-01 2.48006096e-03 -1.38571369e+00 7.31344889e-03 -2.37546683e-03 9.99970435e-01 7.64061480e+01
9.99896461e-01 1.36802295e-02 -4.46308801e-03 -1.26032812e+00 -1.36524834e-02 9.99887642e-01 6.18972762e-03 -1.40642125e+00 4.54726363e-03 -6.12815362e-03 9.99970884e-01 7.75394874e+01
9.99904552e-01 1.37556368e-02 -1.29218782e-03 -1.26236943e+00 -1.37446154e-02 9.99872042e-01 8.18440712e-03 -1.42530381e+00 1.40460424e-03 -8.16586414e-03 9.99965672e-01 7.86677389e+01
9.99895212e-01 1.41798996e-02 2.91481594e-03 -1.26261203e+00 -1.41966245e-02 9.99882409e-01 5.79863014e-03 -1.44350340e+00 -2.83224937e-03 -5.83940225e-03 9.99978940e-01 7.99021651e+01
9.99891681e-01 1.33332631e-02 6.23294979e-03 -1.25541659e+00 -1.33543061e-02 9.99905228e-01 3.34633104e-03 -1.46273481e+00 -6.18774190e-03 -3.42920483e-03 9.99974976e-01 8.10205919e+01
9.99881590e-01 1.18744313e-02 9.78790828e-03 -1.24184785e+00 -1.18688265e-02 9.99929364e-01 -6.30752032e-04 -1.48821490e+00 -9.79470723e-03 5.14506247e-04 9.99951898e-01 8.22468256e+01
9.99855083e-01 1.10558384e-02 1.29452953e-02 -1.22691409e+00 -1.10351943e-02 9.99937724e-01 -1.66522883e-03 -1.51222228e+00 -1.29629002e-02 1.52213340e-03 9.99914820e-01 8.33614948e+01
9.99806375e-01 1.08227329e-02 1.64341603e-02 -1.21049838e+00 -1.08274699e-02 9.99941361e-01 1.99159846e-04 -1.53621897e+00 -1.64310420e-02 -3.77061665e-04 9.99864930e-01 8.44765695e+01
9.99718629e-01 1.19436237e-02 2.04942049e-02 -1.18831631e+00 -1.19679665e-02 9.99927814e-01 1.06543460e-03 -1.56198093e+00 -2.04800013e-02 -1.31040866e-03 9.99789404e-01 8.56990258e+01
9.99643838e-01 1.16314027e-02 2.40189202e-02 -1.16254595e+00 -1.16070270e-02 9.99931970e-01 -1.15411901e-03 -1.58636851e+00 -2.40307114e-02 8.74919496e-04 9.99710838e-01 8.68055428e+01
9.99558247e-01 1.13130583e-02 2.74831818e-02 -1.12922396e+00 -1.12132706e-02 9.99929976e-01 -3.78235425e-03 -1.61317448e+00 -2.75240487e-02 3.47250643e-03 9.99615110e-01 8.80207923e+01
9.99466305e-01 1.13910840e-02 3.06161557e-02 -1.09567684e+00 -1.12689739e-02 9.99927858e-01 -4.15809233e-03 -1.63896268e+00 -3.06613137e-02 3.81085987e-03 9.99522567e-01 8.91272556e+01
9.99391861e-01 1.00736378e-02 3.33830786e-02 -1.05777407e+00 -9.97974569e-03 9.99945766e-01 -2.97806005e-03 -1.66503273e+00 -3.34112697e-02 2.64309385e-03 9.99438193e-01 9.02362652e+01
9.99296501e-01 9.27166011e-03 3.63392328e-02 -1.01189064e+00 -9.22088927e-03 9.99956263e-01 -1.56453631e-03 -1.69194018e+00 -3.63521511e-02 1.22835532e-03 9.99338287e-01 9.14576306e+01
9.99203601e-01 8.48580424e-03 3.89891569e-02 -9.67105115e-01 -8.50140487e-03 9.99963835e-01 2.34304426e-04 -1.71534756e+00 -3.89857605e-02 -5.65580480e-04 9.99239606e-01 9.25685749e+01
9.99109044e-01 7.28258211e-03 4.15702006e-02 -9.13278478e-01 -7.34386966e-03 9.99972160e-01 1.32175903e-03 -1.74095467e+00 -4.15594196e-02 -1.62586744e-03 9.99134711e-01 9.37901935e+01
9.99024057e-01 6.03718318e-03 4.37548432e-02 -8.62166854e-01 -6.00988073e-03 9.99981655e-01 -7.55532692e-04 -1.76430381e+00 -4.37586040e-02 4.91833736e-04 9.99042012e-01 9.48997520e+01
9.98937048e-01 4.57198608e-03 4.58679667e-02 -8.07096650e-01 -4.38429553e-03 9.99981603e-01 -4.19176336e-03 -1.78835792e+00 -4.58862898e-02 3.98620828e-03 9.98938716e-01 9.60115140e+01
9.98833428e-01 4.94008202e-03 4.80351820e-02 -7.46171085e-01 -4.58621284e-03 9.99961550e-01 -7.47432121e-03 -1.81683767e+00 -4.80702612e-02 7.24530112e-03 9.98817679e-01 9.72392785e+01
9.98755740e-01 5.08248555e-03 4.96098694e-02 -6.88569022e-01 -4.66711195e-03 9.99953110e-01 -8.48507373e-03 -1.84519826e+00 -4.96506709e-02 8.24297994e-03 9.98732629e-01 9.83618577e+01
9.98726393e-01 5.15058870e-03 5.01902732e-02 -6.25595350e-01 -4.76631268e-03 9.99958430e-01 -7.77308697e-03 -1.87751488e+00 -5.02282252e-02 7.52396334e-03 9.98709425e-01 9.96030944e+01
9.98761405e-01 5.33452372e-03 4.94691788e-02 -5.69096920e-01 -5.05152473e-03 9.99970164e-01 -5.84399652e-03 -1.90668656e+00 -4.94988802e-02 5.58686244e-03 9.98758553e-01 1.00737940e+02
9.98828026e-01 4.64402869e-03 4.81768357e-02 -5.12527410e-01 -4.44481902e-03 9.99981127e-01 -4.24129529e-03 -1.93541101e+00 -4.81956256e-02 4.02218656e-03 9.98829817e-01 1.01877088e+02
9.98926807e-01 4.93643066e-03 4.60528539e-02 -4.51223743e-01 -4.77753372e-03 9.99982251e-01 -3.55976950e-03 -1.96661594e+00 -4.60696114e-02 3.33592950e-03 9.98932662e-01 1.03136277e+02
9.99031805e-01 5.07192880e-03 4.37004406e-02 -3.99480288e-01 -4.94648403e-03 9.99983331e-01 -2.97824020e-03 -1.99354010e+00 -4.37148197e-02 2.75919262e-03 9.99040240e-01 1.04287424e+02
9.99168417e-01 5.62542288e-03 4.03835153e-02 -3.46405165e-01 -5.50850490e-03 9.99980310e-01 -3.00590778e-03 -2.02363509e+00 -4.03996317e-02 2.78095480e-03 9.99179732e-01 1.05558025e+02
9.99299177e-01 7.02040152e-03 3.67677598e-02 -3.04185745e-01 -6.90364227e-03 9.99970719e-01 -3.30162381e-03 -2.05086975e+00 -3.67898638e-02 3.04547795e-03 9.99318383e-01 1.06716647e+02
9.99429583e-01 7.14014417e-03 3.30079829e-02 -2.64334608e-01 -7.04066409e-03 9.99970318e-01 -3.12911199e-03 -2.07828548e+00 -3.30293471e-02 2.89492845e-03 9.99450190e-01 1.07878544e+02
9.99556751e-01 7.81053093e-03 2.87279744e-02 -2.25362189e-01 -7.75776718e-03 9.99968011e-01 -1.94772057e-03 -2.10960237e+00 -2.87422696e-02 1.72399196e-03 9.99585369e-01 1.09161053e+02
9.99666022e-01 7.98972762e-03 2.45765864e-02 -1.95005482e-01 -7.96409120e-03 9.99967635e-01 -1.14089230e-03 -2.13710924e+00 -2.45849076e-02 9.44780878e-04 9.99697299e-01 1.10329472e+02
9.99769604e-01 8.16406901e-03 1.98516119e-02 -1.66928673e-01 -8.15862585e-03 9.99966655e-01 -3.55247317e-04 -2.16622145e+00 -1.98538512e-02 1.93203500e-04 9.99802874e-01 1.11617456e+02
9.99847392e-01 8.53651509e-03 1.52420953e-02 -1.47864346e-01 -8.53521691e-03 9.99963563e-01 -1.50330160e-04 -2.19176977e+00 -1.52428240e-02 2.02125722e-05 9.99883821e-01 1.12790186e+02
9.99901326e-01 9.34504820e-03 1.04884596e-02 -1.35014765e-01 -9.34443302e-03 9.99956334e-01 -1.07830979e-04 -2.21816181e+00 -1.04890098e-02 9.81158991e-06 9.99944989e-01 1.13964673e+02
9.99937190e-01 9.90103493e-03 5.25221070e-03 -1.26240348e-01 -9.89912489e-03 9.99950926e-01 -3.89900565e-04 -2.24872241e+00 -5.25581365e-03 3.37883714e-04 9.99986131e-01 1.15258465e+02
9.99941993e-01 1.07433128e-02 7.69469661e-04 -1.23790924e-01 -1.07425957e-02 9.99941862e-01 -9.32756517e-04 -2.27809357e+00 -7.79445868e-04 9.24436166e-04 9.99999269e-01 1.16436536e+02
9.99914555e-01 1.27091660e-02 -3.05935969e-03 -1.27958934e-01 -1.27128925e-02 9.99918467e-01 -1.20093686e-03 -2.31009467e+00 3.04384749e-03 1.23972738e-03 9.99994599e-01 1.17736000e+02
9.99875285e-01 1.49515985e-02 -5.08568196e-03 -1.35813391e-01 -1.49568538e-02 9.99887644e-01 -9.96328462e-04 -2.33889568e+00 5.07021409e-03 1.07226986e-03 9.99986571e-01 1.18920233e+02
9.99856457e-01 1.58382238e-02 -6.01801141e-03 -1.44204268e-01 -1.58461928e-02 9.99873624e-01 -1.27831841e-03 -2.36700675e+00 5.99700488e-03 1.37349729e-03 9.99981075e-01 1.20105901e+02
9.99811244e-01 1.80640441e-02 -7.15310855e-03 -1.57347103e-01 -1.80702603e-02 9.99836396e-01 -8.04846342e-04 -2.39549605e+00 7.13739983e-03 9.33952830e-04 9.99974092e-01 1.21413801e+02
9.99778208e-01 1.94363363e-02 -8.10951272e-03 -1.69748354e-01 -1.94341821e-02 9.99811079e-01 3.44830676e-04 -2.42114754e+00 8.11468329e-03 -1.87152412e-04 9.99967058e-01 1.22606158e+02
9.99767661e-01 1.96264091e-02 -8.91227188e-03 -1.83226223e-01 -1.96236209e-02 9.99807358e-01 4.00617762e-04 -2.44974686e+00 8.91841811e-03 -2.25633594e-04 9.99960205e-01 1.23918979e+02
9.99693666e-01 2.27624304e-02 -9.71829641e-03 -2.01300944e-01 -2.27434647e-02 9.99739216e-01 2.05808564e-03 -2.47140076e+00 9.76260952e-03 -1.83642717e-03 9.99950658e-01 1.25117537e+02
9.99649304e-01 2.44108529e-02 -1.02654417e-02 -2.18931077e-01 -2.43609748e-02 9.99690940e-01 4.95660028e-03 -2.49219453e+00 1.03832644e-02 -4.70478517e-03 9.99935024e-01 1.26319689e+02
9.99666006e-01 2.33475365e-02 -1.10801343e-02 -2.36010276e-01 -2.32884505e-02 9.99714028e-01 5.43242087e-03 -2.51102972e+00 1.12037998e-02 -5.17256655e-03 9.99923857e-01 1.27642070e+02
9.99666129e-01 2.30885304e-02 -1.15995954e-02 -2.51675321e-01 -2.30484936e-02 9.99727960e-01 3.57387070e-03 -2.52704563e+00 1.16789558e-02 -3.30532380e-03 9.99926336e-01 1.28844779e+02
9.99718589e-01 2.02309768e-02 -1.23875479e-02 -2.65475705e-01 -2.01781188e-02 9.99786817e-01 4.37756401e-03 -2.54596707e+00 1.24734700e-02 -4.12637409e-03 9.99913689e-01 1.30172938e+02
9.99749235e-01 1.79669558e-02 -1.33662151e-02 -2.77140034e-01 -1.78847600e-02 9.99820557e-01 6.24410771e-03 -2.56372541e+00 1.34760049e-02 -6.00348947e-03 9.99891172e-01 1.31383828e+02
9.99790156e-01 1.52628730e-02 -1.36634290e-02 -2.91299783e-01 -1.51541247e-02 9.99852943e-01 8.02776213e-03 -2.57950895e+00 1.37839470e-02 -7.81901910e-03 9.99874425e-01 1.32596531e+02
9.99813310e-01 1.33264048e-02 -1.39911432e-02 -3.07670619e-01 -1.31891251e-02 9.99864415e-01 9.85892638e-03 -2.59493500e+00 1.41206310e-02 -9.67255346e-03 9.99853514e-01 1.33932784e+02
9.99861514e-01 9.09840702e-03 -1.39345516e-02 -3.20133106e-01 -8.98829219e-03 9.99928043e-01 7.94475697e-03 -2.60811888e+00 1.40058342e-02 -7.81840776e-03 9.99871346e-01 1.35147095e+02
9.99882345e-01 6.33488307e-03 -1.39701394e-02 -3.33091154e-01 -6.24856210e-03 9.99961170e-01 6.21406514e-03 -2.62484679e+00 1.40089630e-02 -6.12603983e-03 9.99883103e-01 1.36486880e+02
9.99893176e-01 4.82119783e-03 -1.37982714e-02 -3.46623235e-01 -4.73626597e-03 9.99969679e-01 6.18139215e-03 -2.64128577e+00 1.38276554e-02 -6.11537863e-03 9.99885693e-01 1.37708504e+02
9.99896848e-01 4.76282082e-03 -1.35502233e-02 -3.63658335e-01 -4.67449302e-03 9.99967670e-01 6.54283610e-03 -2.65854633e+00 1.35809482e-02 -6.47881980e-03 9.99886785e-01 1.38932175e+02
9.99904331e-01 5.22334770e-03 -1.28080094e-02 -3.82913499e-01 -5.11572367e-03 9.99951454e-01 8.42135932e-03 -2.67611795e+00 1.28513760e-02 -8.35503019e-03 9.99882511e-01 1.40280696e+02
9.99896324e-01 7.76574854e-03 -1.21257787e-02 -4.02859397e-01 -7.64307757e-03 9.99919475e-01 1.01304432e-02 -2.69136675e+00 1.22034733e-02 -1.00367132e-02 9.99875162e-01 1.41507595e+02
9.99902536e-01 7.82186881e-03 -1.15644264e-02 -4.19702234e-01 -7.71285503e-03 9.99925682e-01 9.44151276e-03 -2.70598617e+00 1.16374178e-02 -9.35139645e-03 9.99888555e-01 1.42731996e+02
9.99904968e-01 8.13339336e-03 -1.11311684e-02 -4.37639216e-01 -8.05928209e-03 9.99945165e-01 6.68687436e-03 -2.72258602e+00 1.11849455e-02 -6.59652869e-03 9.99915688e-01 1.44076696e+02
9.99907919e-01 8.31624320e-03 -1.07235354e-02 -4.54162652e-01 -8.26573460e-03 9.99954576e-01 4.74596739e-03 -2.74103880e+00 1.07625174e-02 -4.65689179e-03 9.99931238e-01 1.45298709e+02
9.99920791e-01 6.99679069e-03 -1.04621948e-02 -4.69378258e-01 -6.99296667e-03 9.99975468e-01 4.02173664e-04 -2.76631976e+00 1.04647526e-02 -3.28979954e-04 9.99945189e-01 1.46638527e+02
9.99925182e-01 7.07736702e-03 -9.97701634e-03 -4.84602245e-01 -7.10734071e-03 9.99970326e-01 -2.97188896e-03 -2.79082252e+00 9.95568764e-03 3.04257625e-03 9.99945812e-01 1.47856096e+02
9.99928588e-01 6.83592710e-03 -9.80252730e-03 -4.99122630e-01 -6.87660135e-03 9.99967862e-01 -4.12154465e-03 -2.81988699e+00 9.77403819e-03 4.18865782e-03 9.99943460e-01 1.49074403e+02
9.99928807e-01 6.66580950e-03 -9.89687008e-03 -5.13826942e-01 -6.70284264e-03 9.99970641e-01 -3.71333217e-03 -2.85537900e+00 9.87182765e-03 3.77940445e-03 9.99944130e-01 1.50414188e+02
9.99924904e-01 7.28178819e-03 -9.85712098e-03 -5.29755009e-01 -7.31560800e-03 9.99967463e-01 -3.39916287e-03 -2.88492476e+00 9.83204877e-03 3.47101797e-03 9.99945640e-01 1.51630906e+02
9.99915767e-01 8.13216415e-03 -1.01156628e-02 -5.47051450e-01 -8.15409558e-03 9.99964489e-01 -2.12856153e-03 -2.91664250e+00 1.00979943e-02 2.21086602e-03 9.99946570e-01 1.52969480e+02
9.99909506e-01 8.58545698e-03 -1.03570860e-02 -5.64637718e-01 -8.60224071e-03 9.99961757e-01 -1.57688831e-03 -2.94310771e+00 1.03431521e-02 1.66583954e-03 9.99945121e-01 1.54185348e+02
9.99901791e-01 8.84161397e-03 -1.08735116e-02 -5.80686945e-01 -8.86207415e-03 9.99959048e-01 -1.83475556e-03 -2.96917074e+00 1.08568446e-02 1.93093699e-03 9.99939198e-01 1.55400135e+02
9.99891272e-01 9.16603441e-03 -1.15510706e-02 -5.99631060e-01 -9.18545145e-03 9.99956486e-01 -1.62888993e-03 -2.99741972e+00 1.15356381e-02 1.73481440e-03 9.99931957e-01 1.56736164e+02
9.99888487e-01 8.60036042e-03 -1.22085312e-02 -6.15914940e-01 -8.60770915e-03 9.99962802e-01 -5.49379888e-04 -3.02380626e+00 1.22033528e-02 6.54406048e-04 9.99925322e-01 1.57951578e+02
9.99871582e-01 9.50041550e-03 -1.29058916e-02 -6.36433469e-01 -9.50457837e-03 9.99954796e-01 -2.61116200e-04 -3.05327162e+00 1.29028281e-02 3.83747704e-04 9.99916681e-01 1.59287738e+02
9.99861162e-01 9.77513973e-03 -1.34945983e-02 -6.55147721e-01 -9.79166089e-03 9.99951389e-01 -1.15861198e-03 -3.07999487e+00 1.34826174e-02 1.29058550e-03 9.99908273e-01 1.60500986e+02
9.99845931e-01 1.01879822e-02 -1.42940401e-02 -6.75306832e-01 -1.02211907e-02 9.99945226e-01 -2.25197572e-03 -3.10579193e+00 1.42703148e-02 2.39773056e-03 9.99895299e-01 1.61714402e+02
9.99827228e-01 1.10529959e-02 -1.49447401e-02 -6.99411251e-01 -1.10877238e-02 9.99936014e-01 -2.24275467e-03 -3.13617702e+00 1.49189954e-02 2.40807003e-03 9.99885806e-01 1.63050437e+02
9.99821044e-01 1.07356914e-02 -1.55764133e-02 -7.20310965e-01 -1.07819048e-02 9.99937709e-01 -2.88581567e-03 -3.16547834e+00 1.55444626e-02 3.05324225e-03 9.99874516e-01 1.64264275e+02
9.99804506e-01 1.10034085e-02 -1.64278557e-02 -7.44619362e-01 -1.10721468e-02 9.99930300e-01 -4.09905056e-03 -3.19753581e+00 1.63816080e-02 4.28014029e-03 9.99856651e-01 1.65599331e+02
9.99792686e-01 1.11721933e-02 -1.70225596e-02 -7.67071039e-01 -1.12408249e-02 9.99929052e-01 -3.94133775e-03 -3.22661673e+00 1.69773194e-02 4.13186772e-03 9.99847338e-01 1.66814373e+02
9.99776774e-01 1.15174079e-02 -1.77130427e-02 -7.90961827e-01 -1.15639974e-02 9.99929934e-01 -2.52993510e-03 -3.25652971e+00 1.76826642e-02 2.73420359e-03 9.99839911e-01 1.68030954e+02
9.99761647e-01 1.16008597e-02 -1.84951119e-02 -8.17914405e-01 -1.16404341e-02 9.99930180e-01 -2.03337757e-03 -3.28876969e+00 1.84702326e-02 2.24818377e-03 9.99826883e-01 1.69368364e+02
9.99746014e-01 1.19482170e-02 -1.91088325e-02 -8.43346861e-01 -1.19836157e-02 9.99926682e-01 -1.73892074e-03 -3.31671166e+00 1.90866554e-02 1.96747175e-03 9.99815897e-01 1.70584296e+02
9.99725709e-01 1.24021653e-02 -1.98668621e-02 -8.72535941e-01 -1.24323759e-02 9.99921738e-01 -1.39774356e-03 -3.34685466e+00 1.98479732e-02 1.64435229e-03 9.99801657e-01 1.71922265e+02
9.99711475e-01 1.26049777e-02 -2.04470327e-02 -8.99768053e-01 -1.26513766e-02 9.99917675e-01 -2.14133436e-03 -3.37504472e+00 2.04183590e-02 2.39939935e-03 9.99788644e-01 1.73137870e+02
9.99689203e-01 1.36289615e-02 -2.08746133e-02 -9.27285096e-01 -1.36908098e-02 9.99902292e-01 -2.82267625e-03 -3.40310440e+00 2.08341046e-02 3.10758894e-03 9.99778117e-01 1.74353272e+02
9.99677333e-01 1.38357598e-02 -2.13026240e-02 -9.56628958e-01 -1.38880245e-02 9.99900895e-01 -2.30732361e-03 -3.43536292e+00 2.12685903e-02 2.60243015e-03 9.99770411e-01 1.75691597e+02
9.99670958e-01 1.37820581e-02 -2.16340226e-02 -9.83558774e-01 -1.38535203e-02 9.99899052e-01 -3.15671484e-03 -3.46559152e+00 2.15883338e-02 3.45538308e-03 9.99760974e-01 1.76905951e+02
9.99687991e-01 1.23226305e-02 -2.17272319e-02 -1.01057053e+00 -1.24354129e-02 9.99909858e-01 -5.06326981e-03 -3.49918273e+00 2.16628817e-02 5.33187642e-03 9.99751114e-01 1.78239748e+02
9.99713051e-01 9.49217431e-03 -2.19935007e-02 -1.03450435e+00 -9.59850343e-03 9.99942727e-01 -4.73397396e-03 -3.52944633e+00 2.19473065e-02 4.94371960e-03 9.99746906e-01 1.79453118e+02
9.99707129e-01 9.43927891e-03 -2.22835216e-02 -1.06001066e+00 -9.47889648e-03 9.99953675e-01 -1.67284856e-03 -3.55841048e+00 2.22666999e-02 1.88358162e-03 9.99750292e-01 1.80668411e+02
9.99706829e-01 9.21606376e-03 -2.23901835e-02 -1.08953677e+00 -9.13695634e-03 9.99951658e-01 3.63294610e-03 -3.58720309e+00 2.24225836e-02 -3.42730234e-03 9.99742708e-01 1.82005139e+02
9.99699593e-01 9.51908021e-03 -2.25856516e-02 -1.11783649e+00 -9.45523612e-03 9.99951000e-01 2.93194465e-03 -3.61053789e+00 2.26124555e-02 -2.71751075e-03 9.99740612e-01 1.83213391e+02
9.99687374e-01 1.12139367e-02 -2.23472959e-02 -1.15022833e+00 -1.12231689e-02 9.99936977e-01 -2.87647969e-04 -3.63704080e+00 2.23426629e-02 5.38365503e-04 9.99750227e-01 1.84535787e+02
9.99677797e-01 1.14866356e-02 -2.26353355e-02 -1.17891603e+00 -1.15439986e-02 9.99930473e-01 -2.40508488e-03 -3.66395442e+00 2.26061365e-02 2.66561191e-03 9.99740895e-01 1.85736581e+02
9.99678577e-01 1.10660522e-02 -2.28097789e-02 -1.20557371e+00 -1.11230579e-02 9.99935319e-01 -2.37372431e-03 -3.69301535e+00 2.27820369e-02 2.62667551e-03 9.99737005e-01 1.86936790e+02
9.99680037e-01 1.11131142e-02 -2.27227387e-02 -1.23560692e+00 -1.11301618e-02 9.99937863e-01 -6.23816301e-04 -3.72373054e+00 2.27143953e-02 8.76524398e-04 9.99741611e-01 1.88255692e+02
9.99682257e-01 1.12182040e-02 -2.25729032e-02 -1.26258472e+00 -1.11915544e-02 9.99936519e-01 1.30668271e-03 -3.75162361e+00 2.25861300e-02 -1.05364144e-03 9.99744346e-01 1.89452306e+02
9.99704006e-01 1.06168088e-02 -2.18902675e-02 -1.29006257e+00 -1.05701619e-02 9.99941613e-01 2.24564563e-03 -3.78187506e+00 2.19128321e-02 -2.01359691e-03 9.99757857e-01 1.90764177e+02
9.99731063e-01 1.06395512e-02 -2.06058839e-02 -1.31355900e+00 -1.06050935e-02 9.99942179e-01 1.78088153e-03 -3.80972796e+00 2.06236412e-02 -1.56187498e-03 9.99786090e-01 1.91951481e+02
9.99771175e-01 9.26418657e-03 -1.92814167e-02 -1.33382050e+00 -9.26333159e-03 9.99957085e-01 1.33748724e-04 -3.83705338e+00 1.92818293e-02 4.48920839e-05 9.99814087e-01 1.93134241e+02
9.99796530e-01 9.18797512e-03 -1.79577173e-02 -1.35494526e+00 -9.21391639e-03 9.99956623e-01 -1.36227244e-03 -3.87046431e+00 1.79444228e-02 1.52745599e-03 9.99837819e-01 1.94430982e+02
9.99826767e-01 8.31249264e-03 -1.66534778e-02 -1.37123762e+00 -8.34979040e-03 9.99962783e-01 -2.17126333e-03 -3.90188004e+00 1.66348102e-02 2.30993996e-03 9.99858964e-01 1.95605558e+02
9.99846912e-01 8.43450791e-03 -1.53300628e-02 -1.38913871e+00 -8.45392867e-03 9.99963542e-01 -1.20237317e-03 -3.93594143e+00 1.53193632e-02 1.33178821e-03 9.99881765e-01 1.96893899e+02
9.99868921e-01 8.14250835e-03 -1.39943066e-02 -1.40361798e+00 -8.13324040e-03 9.99966666e-01 7.19162567e-04 -3.96545596e+00 1.39996966e-02 -6.05249116e-04 9.99901816e-01 1.98060563e+02
9.99878007e-01 8.84210331e-03 -1.28758637e-02 -1.41801133e+00 -8.82816143e-03 9.99960382e-01 1.13935922e-03 -3.99448392e+00 1.28854286e-02 -1.02554985e-03 9.99916454e-01 1.99220683e+02
9.99893906e-01 8.63705389e-03 -1.17293468e-02 -1.43157391e+00 -8.62650597e-03 9.99962340e-01 9.49713026e-04 -4.02471289e+00 1.17371084e-02 -8.48428836e-04 9.99930758e-01 2.00490164e+02
9.99901374e-01 9.00784837e-03 -1.07750256e-02 -1.44271814e+00 -8.99501943e-03 9.99958777e-01 1.23864931e-03 -4.05156090e+00 1.07857395e-02 -1.14160539e-03 9.99941181e-01 2.01639245e+02
9.99910892e-01 9.27025139e-03 -9.60572085e-03 -1.45257566e+00 -9.25484539e-03 9.99955816e-01 1.64723318e-03 -4.08253239e+00 9.62056716e-03 -1.55818670e-03 9.99952507e-01 2.02895735e+02
9.99917823e-01 9.25947842e-03 -8.86620526e-03 -1.46113540e+00 -9.24811881e-03 9.99956362e-01 1.32156986e-03 -4.10818420e+00 8.87805583e-03 -1.23946534e-03 9.99959821e-01 2.04029693e+02
9.99924420e-01 9.34173944e-03 -7.99284264e-03 -1.46932022e+00 -9.33065763e-03 9.99955456e-01 1.42285990e-03 -4.13416568e+00 8.00577898e-03 -1.34817367e-03 9.99967044e-01 2.05154210e+02
9.99939610e-01 8.11901552e-03 -7.40656078e-03 -1.47564967e+00 -8.10732915e-03 9.99965844e-01 1.60671259e-03 -4.16288003e+00 7.41935308e-03 -1.54656790e-03 9.99971280e-01 2.06378166e+02
9.99942458e-01 7.96165977e-03 -7.18972420e-03 -1.48168339e+00 -7.94630678e-03 9.99966091e-01 2.16166599e-03 -4.18840787e+00 7.20669120e-03 -2.10440953e-03 9.99971817e-01 2.07477772e+02
9.99943538e-01 7.49138731e-03 -7.53657189e-03 -1.48864917e+00 -7.46473941e-03 9.99965809e-01 3.55794044e-03 -4.21650908e+00 7.56296847e-03 -3.50148049e-03 9.99965270e-01 2.08671832e+02
9.99936559e-01 7.72518669e-03 -8.19755101e-03 -1.49780736e+00 -7.69654444e-03 9.99964186e-01 3.51999415e-03 -4.24018333e+00 8.22445043e-03 -3.45667751e-03 9.99960204e-01 2.09741354e+02
9.99931458e-01 7.99414914e-03 -8.55414096e-03 -1.50817126e+00 -7.97241366e-03 9.99964912e-01 2.57219941e-03 -4.26411999e+00 8.57440377e-03 -2.50382557e-03 9.99960104e-01 2.10796193e+02
9.99924794e-01 8.30885184e-03 -9.02045088e-03 -1.52075213e+00 -8.29430765e-03 9.99964242e-01 1.64874849e-03 -4.29015135e+00 9.03382798e-03 -1.57380585e-03 9.99957956e-01 2.11942428e+02
9.99920330e-01 8.25207926e-03 -9.55178313e-03 -1.53172142e+00 -8.23849531e-03 9.99964996e-01 1.46077764e-03 -4.31422778e+00 9.56350370e-03 -1.38196872e-03 9.99953314e-01 2.12971838e+02
9.99912729e-01 7.67352132e-03 -1.07541644e-02 -1.54457873e+00 -7.65704910e-03 9.99969448e-01 1.57218073e-03 -4.34077998e+00 1.07659005e-02 -1.48969812e-03 9.99940936e-01 2.14091443e+02
9.99897862e-01 7.29825694e-03 -1.22882426e-02 -1.55683070e+00 -7.27043775e-03 9.99970908e-01 2.30715303e-03 -4.36454002e+00 1.23047239e-02 -2.21757612e-03 9.99921835e-01 2.15097902e+02
9.99880096e-01 6.24848783e-03 -1.41685968e-02 -1.56927907e+00 -6.19682951e-03 9.99974002e-01 3.68703265e-03 -4.38708312e+00 1.41912675e-02 -3.59878963e-03 9.99892823e-01 2.16093918e+02
9.99842795e-01 6.48861031e-03 -1.65010329e-02 -1.58738692e+00 -6.39167302e-03 9.99962045e-01 5.92066272e-03 -4.41026392e+00 1.65388243e-02 -5.81426188e-03 9.99846319e-01 2.17174733e+02
9.99803672e-01 6.68949004e-03 -1.86512357e-02 -1.60638365e+00 -6.57761075e-03 9.99960044e-01 6.05346729e-03 -4.43105569e+00 1.86909860e-02 -5.92959735e-03 9.99807725e-01 2.18140133e+02
9.99743945e-01 7.07032323e-03 -2.14954605e-02 -1.63062478e+00 -6.95516675e-03 9.99961084e-01 5.42735860e-03 -4.45094875e+00 2.15329982e-02 -5.27646357e-03 9.99754214e-01 2.19180887e+02
9.99683562e-01 7.14899570e-03 -2.41177957e-02 -1.65325380e+00 -7.01868933e-03 9.99960335e-01 5.48330082e-03 -4.46938309e+00 2.41560403e-02 -5.31228955e-03 9.99694086e-01 2.20107650e+02
9.99609558e-01 7.70480080e-03 -2.68582902e-02 -1.67852758e+00 -7.54206313e-03 9.99952614e-01 6.15522275e-03 -4.48932072e+00 2.69044436e-02 -5.95025164e-03 9.99620301e-01 2.21014195e+02
9.99516711e-01 8.07081527e-03 -3.00200902e-02 -1.70838388e+00 -7.89012012e-03 9.99950066e-01 6.13278847e-03 -4.51144418e+00 3.00680892e-02 -5.89296151e-03 9.99530481e-01 2.21987341e+02
9.99424459e-01 8.01964418e-03 -3.29611422e-02 -1.73705092e+00 -7.84295152e-03 9.99954192e-01 5.48648283e-03 -4.53040659e+00 3.30036336e-02 -5.22481165e-03 9.99441575e-01 2.22848741e+02
9.99307293e-01 7.86731820e-03 -3.63735965e-02 -1.77051895e+00 -7.68966299e-03 9.99957826e-01 5.02154251e-03 -4.55118305e+00 3.64115703e-02 -4.73836257e-03 9.99325645e-01 2.23772795e+02
9.99184660e-01 9.01010765e-03 -3.93552080e-02 -1.80450000e+00 -8.82634585e-03 9.99949331e-01 4.84061524e-03 -4.57070777e+00 3.93968303e-02 -4.48930506e-03 9.99213559e-01 2.24591030e+02
9.99063926e-01 9.23390894e-03 -4.22611726e-02 -1.83915194e+00 -9.07324460e-03 9.99950869e-01 3.99197699e-03 -4.59102821e+00 4.22959599e-02 -3.60479361e-03 9.99098622e-01 2.25389575e+02
9.98936494e-01 1.12500745e-02 -4.47137077e-02 -1.88066160e+00 -1.10761112e-02 9.99930102e-01 4.13650855e-03 -4.61066679e+00 4.47571205e-02 -3.63685470e-03 9.98991278e-01 2.26248577e+02
9.98891191e-01 1.20325235e-02 -4.55149141e-02 -1.91647368e+00 -1.18486114e-02 9.99920521e-01 4.30838926e-03 -4.62800266e+00 4.55631396e-02 -3.76432287e-03 9.98954369e-01 2.27010971e+02
9.98901519e-01 1.21006373e-02 -4.52695198e-02 -1.95323574e+00 -1.18625907e-02 9.99914382e-01 5.52344375e-03 -4.64724633e+00 4.53324833e-02 -4.98036172e-03 9.98959540e-01 2.27831613e+02
9.98922335e-01 1.21892215e-02 -4.47838371e-02 -1.98474580e+00 -1.19179509e-02 9.99909010e-01 6.31940635e-03 -4.66482424e+00 4.48567931e-02 -5.77886361e-03 9.98976713e-01 2.28559524e+02
9.98938239e-01 1.19718864e-02 -4.44867130e-02 -2.01522174e+00 -1.17242133e-02 9.99914307e-01 5.82415958e-03 -4.68171222e+00 4.45526292e-02 -5.29640312e-03 9.98992999e-01 2.29271606e+02
9.98947829e-01 1.24570722e-02 -4.41367962e-02 -2.04917213e+00 -1.23021114e-02 9.99917178e-01 3.78086796e-03 -4.69844703e+00 4.41802414e-02 -3.23391346e-03 9.99018342e-01 2.30043949e+02
9.98982125e-01 1.24715134e-02 -4.33494510e-02 -2.07829769e+00 -1.24107663e-02 9.99921588e-01 1.67024255e-03 -4.71417281e+00 4.33668845e-02 -1.13054226e-03 9.99058575e-01 2.30742468e+02
9.99032984e-01 1.25247852e-02 -4.21453030e-02 -2.10973468e+00 -1.25246898e-02 9.99921527e-01 2.66374186e-04 -4.73181980e+00 4.21453341e-02 2.61740335e-04 9.99111456e-01 2.31507116e+02
9.99082703e-01 1.32197898e-02 -4.07306955e-02 -2.13741740e+00 -1.32385445e-02 9.99912348e-01 -1.90698223e-04 -4.74856719e+00 4.07246064e-02 7.29738432e-04 9.99170143e-01 2.32200017e+02
9.99154797e-01 1.26598223e-02 -3.91078059e-02 -2.16213140e+00 -1.26871218e-02 9.99919414e-01 -4.49887660e-04 -4.76514895e+00 3.90989608e-02 9.45672889e-04 9.99234896e-01 2.32889416e+02
9.99231863e-01 1.24707548e-02 -3.71505619e-02 -2.18772454e+00 -1.24963812e-02 9.99921812e-01 -4.57602194e-04 -4.78347088e+00 3.71419524e-02 9.21498252e-04 9.99309575e-01 2.33644011e+02
9.99301875e-01 1.25521383e-02 -3.51881568e-02 -2.21137868e+00 -1.25783212e-02 9.99920753e-01 -5.22733393e-04 -4.79963856e+00 3.51788086e-02 9.64976361e-04 9.99380568e-01 2.34326881e+02
9.99381767e-01 1.22976759e-02 -3.29370798e-02 -2.23446411e+00 -1.23308867e-02 9.99923647e-01 -8.05294806e-04 -4.81715933e+00 3.29246634e-02 1.21094026e-03 9.99457103e-01 2.35073426e+02
9.99467677e-01 1.24103932e-02 -3.01719302e-02 -2.25422257e+00 -1.24332896e-02 9.99922540e-01 -5.71288197e-04 -4.83181923e+00 3.01625047e-02 9.46120384e-04 9.99544560e-01 2.35749081e+02
9.99567053e-01 1.15358534e-02 -2.70671539e-02 -2.27009897e+00 -1.15419437e-02 9.99933387e-01 -6.87013740e-05 -4.84623998e+00 2.70645597e-02 3.81079219e-04 9.99633615e-01 2.36421669e+02
9.99657248e-01 1.04459674e-02 -2.40056008e-02 -2.28430542e+00 -1.04389202e-02 9.99945425e-01 4.18949271e-04 -4.86468040e+00 2.40086683e-02 -1.68213033e-04 9.99711736e-01 2.37157566e+02
9.99725080e-01 1.01810362e-02 -2.11213162e-02 -2.29563450e+00 -1.01702120e-02 9.99948090e-01 6.19924967e-04 -4.88178899e+00 2.11265323e-02 -4.04946157e-04 9.99776728e-01 2.37822751e+02
9.99790340e-01 9.77370543e-03 -1.79930553e-02 -2.30599389e+00 -9.77007091e-03 9.99952230e-01 2.89994262e-04 -4.90069184e+00 1.79950310e-02 -1.14139971e-04 9.99838070e-01 2.38550953e+02
9.99838301e-01 9.55835754e-03 -1.52318410e-02 -2.31347906e+00 -9.56185028e-03 9.99954272e-01 -1.56373089e-04 -4.91613253e+00 1.52296506e-02 3.01992383e-04 9.99883977e-01 2.39210994e+02
9.99867741e-01 1.05283513e-02 -1.23957029e-02 -2.32062956e+00 -1.05423697e-02 9.99943860e-01 -1.06594241e-03 -4.93181672e+00 1.23837850e-02 1.19648137e-03 9.99922602e-01 2.39872305e+02
9.99901502e-01 1.04454130e-02 -9.37438786e-03 -2.32650873e+00 -1.04625127e-02 9.99943688e-01 -1.77668349e-03 -4.95011810e+00 9.35530224e-03 1.87458790e-03 9.99954481e-01 2.40604177e+02
9.99923275e-01 1.04682860e-02 -6.62266458e-03 -2.32979362e+00 -1.04745290e-02 9.99944728e-01 -9.08380107e-04 -4.96581260e+00 6.61278967e-03 9.77679576e-04 9.99977657e-01 2.41274482e+02
9.99931933e-01 1.09907675e-02 -3.91569273e-03 -2.33444260e+00 -1.09918002e-02 9.99939559e-01 -2.41749929e-04 -4.98271807e+00 3.91279923e-03 2.84773948e-04 9.99992304e-01 2.42015637e+02
9.99940898e-01 1.07377615e-02 -1.70334523e-03 -2.33602901e+00 -1.07384569e-02 9.99942262e-01 -3.98385508e-04 -4.99809064e+00 1.69896919e-03 4.16653199e-04 9.99998470e-01 2.42690751e+02
9.99943750e-01 1.05840143e-02 6.89571818e-04 -2.33668904e+00 -1.05827937e-02 9.99942464e-01 -1.75310165e-03 -5.01483894e+00 -7.08087037e-04 1.74570518e-03 9.99998226e-01 2.43435746e+02
