1.00000000e+00 -1.91334404e-18 1.29405485e-16 2.22044605e-16 -9.25268921e-20 1.00000000e+00 -1.94760953e-18 1.11022302e-16 -1.44442693e-17 -1.24074200e-18 1.00000000e+00 -2.22044605e-16
9.99981092e-01 4.82879723e-04 -6.13047849e-03 -4.40009791e-03 -4.80969299e-04 9.99999835e-01 3.13111871e-04 -1.91983363e-03 6.13062898e-03 -3.10157316e-04 9.99981159e-01 8.81144097e-02
9.99907316e-01 1.06583439e-03 -1.35728777e-02 -1.01852892e-02 -1.06338167e-03 9.99999417e-01 1.87936690e-04 -4.41802417e-03 1.35730708e-02 -1.73486055e-04 9.99907867e-01 1.87794503e-01
9.99782491e-01 1.37764534e-03 -2.08103787e-02 -1.74071801e-02 -1.38631754e-03 9.99998958e-01 -4.02292572e-04 -6.83572488e-03 2.08098039e-02 4.31054865e-04 9.99783360e-01 2.81866822e-01
9.99561414e-01 2.01052594e-03 -2.95455168e-02 -2.79753884e-02 -2.06237021e-03 9.99996387e-01 -1.72434445e-03 -6.67937727e-03 2.95419447e-02 1.78452181e-03 9.99561949e-01 3.81559912e-01
9.99133899e-01 2.22309331e-03 -4.15512839e-02 -4.29378429e-02 -2.37293483e-03 9.99990858e-01 -3.55720054e-03 -7.29285598e-03 4.15429982e-02 3.65271774e-03 9.99130040e-01 5.02186777e-01
9.98511386e-01 2.13901354e-03 -5.45017106e-02 -5.94347255e-02 -2.38615158e-03 9.99987163e-01 -4.46982426e-03 -8.02377515e-03 5.44914527e-02 4.59321927e-03 9.98503673e-01 6.23974702e-01
9.97426153e-01 2.16585715e-03 -7.16685289e-02 -8.37234413e-02 -2.49127280e-03 9.99986989e-01 -4.45148399e-03 -9.02789755e-03 7.16579587e-02 4.61857197e-03 9.97418571e-01 7.72085858e-01
9.95978659e-01 9.78457587e-04 -8.95854473e-02 -1.09068819e-01 -1.38526439e-03 9.99989010e-01 -4.47892850e-03 -1.03257140e-02 8.95800848e-02 4.58501636e-03 9.95969069e-01 9.18783110e-01
9.94069067e-01 -3.62729700e-04 -1.08749978e-01 -1.40119797e-01 -1.30512011e-04 9.99989738e-01 -4.52840618e-03 -1.17996204e-02 1.08750510e-01 4.51574139e-03 9.94058819e-01 1.07539654e+00
9.91217443e-01 -3.60830997e-04 -1.32241636e-01 -1.82889081e-01 -2.73972994e-04 9.99988528e-01 -4.78210826e-03 -1.62160983e-02 1.32241851e-01 4.77633950e-03 9.91205973e-01 1.25518086e+00
9.87833507e-01 2.88803435e-03 -1.55488327e-01 -2.31924028e-01 -3.85735495e-03 9.99974962e-01 -5.93267655e-03 -2.25688264e-02 1.55467308e-01 6.46026992e-03 9.87819914e-01 1.42310523e+00
9.83659707e-01 7.12255050e-03 -1.79896769e-01 -2.90265753e-01 -8.63158886e-03 9.99933813e-01 -7.60695035e-03 -3.07844565e-02 1.79830690e-01 9.03544479e-03 9.83656081e-01 1.59481371e+00
9.77983747e-01 1.08099938e-02 -2.08400891e-01 -3.62761518e-01 -1.28088780e-02 9.99883975e-01 -8.24436416e-03 -3.93857280e-02 2.08287601e-01 1.07322349e-02 9.78008741e-01 1.79086195e+00
9.71508564e-01 1.15433276e-02 -2.36723168e-01 -4.34796960e-01 -1.39590581e-02 9.99866172e-01 -8.53131342e-03 -4.30691445e-02 2.36593020e-01 1.15926756e-02 9.71539683e-01 1.97444709e+00
9.62923395e-01 1.35393693e-02 -2.69434996e-01 -5.26423687e-01 -1.62377160e-02 9.99837825e-01 -7.78852232e-03 -4.58692757e-02 2.69285862e-01 1.18747585e-02 9.62987081e-01 2.18030384e+00
9.53772280e-01 1.57777035e-02 -3.00115806e-01 -6.20441267e-01 -1.86209984e-02 9.99804724e-01 -6.61600170e-03 -4.90249200e-02 2.99952831e-01 1.18986142e-02 9.53879829e-01 2.36875183e+00
9.42897136e-01 1.76569819e-02 -3.32615717e-01 -7.21168509e-01 -2.06408015e-02 9.99772160e-01 -5.43928096e-03 -5.13195643e-02 3.32443909e-01 1.19941368e-02 9.43046761e-01 2.55880342e+00
9.29549850e-01 2.04683341e-02 -3.68127853e-01 -8.43595847e-01 -2.39718492e-02 9.99700398e-01 -4.94617083e-03 -5.38774999e-02 3.67916339e-01 1.34224170e-02 9.29762020e-01 2.76376023e+00
9.16142918e-01 2.34882936e-02 -4.00163024e-01 -9.67817581e-01 -2.74587242e-02 9.99614155e-01 -4.19049325e-03 -5.10223271e-02 3.99910216e-01 1.48270560e-02 9.16434387e-01 2.94838974e+00
9.00715148e-01 2.44786502e-02 -4.33719964e-01 -1.09764348e+00 -2.87885229e-02 9.99579842e-01 -3.37058204e-03 -4.69221713e-02 4.33455248e-01 1.55220906e-02 9.01041410e-01 3.13310312e+00
8.81192029e-01 2.03945727e-02 -4.72318385e-01 -1.24557555e+00 -2.53313269e-02 9.99670725e-01 -4.09448856e-03 -4.29012641e-02 4.72079381e-01 1.55724815e-02 8.81418497e-01 3.33608366e+00
8.60847236e-01 1.54809980e-02 -5.08627921e-01 -1.38948829e+00 -2.06235956e-02 9.99777295e-01 -4.47520045e-03 -4.23447498e-02 5.08445392e-01 1.43422001e-02 8.60974795e-01 3.51910662e+00
8.34486251e-01 1.71625279e-02 -5.50761408e-01 -1.57341774e+00 -2.13754928e-02 9.99770758e-01 -1.23276266e-03 -4.51516933e-02 5.50614021e-01 1.28015201e-02 8.34661810e-01 3.71368253e+00
8.06652912e-01 2.37321479e-02 -5.90548767e-01 -1.76353829e+00 -2.69972431e-02 9.99630077e-01 3.29518678e-03 -4.90290071e-02 5.90408541e-01 1.32851168e-02 8.06995216e-01 3.88162799e+00
7.75606517e-01 2.68463183e-02 -6.30645531e-01 -1.96396578e+00 -3.02173404e-02 9.99528839e-01 5.38639862e-03 -5.13665563e-02 6.30493031e-01 1.48787049e-02 7.76052307e-01 4.04452698e+00
7.37689305e-01 2.68743604e-02 -6.74605243e-01 -2.19619897e+00 -3.05637566e-02 9.99512356e-01 6.39589453e-03 -5.35509229e-02 6.74448195e-01 1.59002875e-02 7.38150958e-01 4.22152269e+00
6.99762577e-01 2.29878477e-02 -7.14005510e-01 -2.41608812e+00 -2.50414130e-02 9.99657200e-01 7.64269741e-03 -5.31934104e-02 7.13936473e-01 1.25316339e-02 7.00098348e-01 4.38205997e+00
6.58858265e-01 1.95923322e-02 -7.52011901e-01 -2.65443039e+00 -2.01643819e-02 9.99761554e-01 8.38044525e-03 -5.28896796e-02 7.51996817e-01 9.64233084e-03 6.59096231e-01 4.53501290e+00
6.11856435e-01 1.93305646e-02 -7.90732572e-01 -2.93721555e+00 -1.74516075e-02 9.99787884e-01 1.09374394e-02 -5.28071491e-02 7.90776311e-01 7.10741367e-03 6.12064002e-01 4.69104337e+00
5.65887538e-01 2.02809089e-02 -8.24232943e-01 -3.21294681e+00 -1.55151474e-02 9.99782338e-01 1.39483260e-02 -5.14227647e-02 8.24336465e-01 4.89491406e-03 5.66079028e-01 4.82258903e+00
5.17003470e-01 2.08175806e-02 -8.55730100e-01 -3.50334346e+00 -1.38495680e-02 9.99776798e-01 1.59544035e-02 -4.89473363e-02 8.55871274e-01 3.60301285e-03 5.17176390e-01 4.94208738e+00
4.61338507e-01 2.27046440e-02 -8.86933617e-01 -3.84274783e+00 -1.30982066e-02 9.99737853e-01 1.87792963e-02 -4.49659869e-02 8.87127532e-01 2.95363013e-03 4.61514960e-01 5.05834042e+00
4.09122695e-01 2.47860888e-02 -9.12142658e-01 -4.17040404e+00 -1.20357550e-02 9.99690628e-01 2.17666881e-02 -3.88997124e-02 9.12400023e-01 2.07308263e-03 4.09294445e-01 5.15105496e+00
3.50498018e-01 2.69807559e-02 -9.36174735e-01 -4.55075314e+00 -1.16482540e-02 9.99633224e-01 2.44486145e-02 -3.31150126e-02 9.36491058e-01 2.33561341e-03 3.50683744e-01 5.23646464e+00
2.97507335e-01 2.99979021e-02 -9.54248115e-01 -4.91296254e+00 -9.30100965e-03 9.99549885e-01 2.85222325e-02 -2.94666145e-02 9.54674249e-01 3.89901197e-04 2.97652435e-01 5.30208343e+00
2.45476831e-01 3.22496466e-02 -9.68865851e-01 -5.28706078e+00 -5.32385025e-03 9.99476258e-01 3.19196720e-02 -2.71350539e-02 9.69387863e-01 -2.67743905e-03 2.45519959e-01 5.35876828e+00
1.91408322e-01 3.26352513e-02 -9.80967760e-01 -5.71417882e+00 -2.26430679e-03 9.99459087e-01 3.28086190e-02 -2.28580564e-02 9.81507909e-01 -4.05862626e-03 1.91378684e-01 5.40182014e+00
1.45479991e-01 3.36155480e-02 -9.88789926e-01 -6.11849316e+00 -3.98050415e-03 9.99434412e-01 3.33917825e-02 -1.61491939e-02 9.89353211e-01 -9.21949724e-04 1.45531518e-01 5.42052082e+00
1.00311533e-01 3.38519331e-02 -9.94380004e-01 -6.58030063e+00 -6.20564286e-03 9.99422879e-01 3.33975999e-02 -5.22442584e-03 9.94936750e-01 2.82060635e-03 1.00463716e-01 5.42707290e+00
6.35337577e-02 3.24854561e-02 -9.97450804e-01 -7.01302903e+00 -7.37958590e-03 9.99458036e-01 3.20807840e-02 6.24885538e-03 9.97952430e-01 5.32256446e-03 6.37390555e-02 5.42331959e+00
3.00344710e-02 2.99807659e-02 -9.99099111e-01 -7.45915496e+00 -6.54869594e-03 9.99534519e-01 2.97969738e-02 1.60004015e-02 9.99527436e-01 5.64786327e-03 3.02168271e-02 5.41065087e+00
-3.37057790e-03 2.72072714e-02 -9.99624106e-01 -7.96335401e+00 -5.73892966e-03 9.99612821e-01 2.72263209e-02 2.32226386e-02 9.99977877e-01 5.82854420e-03 -3.21313068e-03 5.38785133e+00
-2.92925637e-02 2.55321631e-02 -9.99244717e-01 -8.43747189e+00 -6.32510952e-03 9.99648972e-01 2.57279169e-02 3.04814805e-02 9.99550893e-01 7.07397210e-03 -2.91207859e-02 5.35369362e+00
-5.15305273e-02 2.30652849e-02 -9.98405002e-01 -8.97488767e+00 -6.80950909e-03 9.99701897e-01 2.34467096e-02 4.10285339e-02 9.98648229e-01 8.00687232e-03 -5.13581010e-02 5.30833427e+00
-6.72488105e-02 2.17338468e-02 -9.97499468e-01 -9.47981988e+00 -6.47962661e-03 9.99732122e-01 2.22193374e-02 5.24311062e-02 9.97715221e-01 7.95765120e-03 -6.70899672e-02 5.26347160e+00
-8.01252086e-02 2.21002325e-02 -9.96539754e-01 -9.99976272e+00 -5.30505565e-03 9.99730567e-01 2.25975451e-02 6.11763459e-02 9.96770714e-01 7.09733510e-03 -7.99863757e-02 5.21323302e+00
-9.04652143e-02 2.38522817e-02 -9.95613913e-01 -1.05866459e+01 -6.42292011e-03 9.99678381e-01 2.45332719e-02 6.59405359e-02 9.95878929e-01 8.61415935e-03 -9.02829160e-02 5.15186948e+00
-9.70475049e-02 2.53731881e-02 -9.94956247e-01 -1.11354595e+01 -8.56556754e-03 9.99616673e-01 2.63275242e-02 6.90312623e-02 9.95242916e-01 1.10773881e-02 -9.67929667e-02 5.08987636e+00
-1.01774749e-01 2.62597186e-02 -9.94460798e-01 -1.17548796e+01 -8.52736272e-03 9.99591789e-01 2.72679178e-02 7.88186127e-02 9.94770946e-01 1.12553161e-02 -1.01509276e-01 5.02405567e+00
-1.03429266e-01 2.64483544e-02 -9.94285081e-01 -1.23339550e+01 -6.15545551e-03 9.99610234e-01 2.72303252e-02 9.09795393e-02 9.94617789e-01 8.93669311e-03 -1.03226149e-01 4.96565892e+00
-1.02688150e-01 2.85752684e-02 -9.94303047e-01 -1.29886672e+01 -3.95053898e-03 9.99567692e-01 2.91345733e-02 1.02860846e-01 9.94705779e-01 6.91981166e-03 -1.02530868e-01 4.89911265e+00
-1.01274157e-01 3.12643797e-02 -9.94367153e-01 -1.36002063e+01 -4.60306101e-03 9.99480658e-01 3.18939746e-02 1.09440065e-01 9.94847931e-01 7.80717120e-03 -1.01077648e-01 4.83556302e+00
-9.94933825e-02 3.17692050e-02 -9.94530912e-01 -1.42225338e+01 -6.97294536e-03 9.99443381e-01 3.26237123e-02 1.17225658e-01 9.95013816e-01 1.01806560e-02 -9.92164761e-02 4.77023363e+00
-9.77677591e-02 2.87993877e-02 -9.94792446e-01 -1.49209099e+01 -8.78862836e-03 9.99517246e-01 2.97999203e-02 1.29704505e-01 9.95170475e-01 1.16563351e-02 -9.74674526e-02 4.69662056e+00
-9.65964006e-02 2.85112598e-02 -9.94915169e-01 -1.55729870e+01 -9.18618916e-03 9.99521530e-01 2.95351585e-02 1.44488295e-01 9.95281266e-01 1.19924715e-02 -9.62882707e-02 4.63203880e+00
-9.49523479e-02 3.09750184e-02 -9.94999774e-01 -1.63102200e+01 -8.72104964e-03 9.99451552e-01 3.19458576e-02 1.62535258e-01 9.95443642e-01 1.17107792e-02 -9.46301352e-02 4.56156819e+00
-9.31853003e-02 3.42843170e-02 -9.95058308e-01 -1.69956523e+01 -9.59832552e-03 9.99329594e-01 3.53303543e-02 1.76751031e-01 9.95602542e-01 1.28431656e-02 -9.27937547e-02 4.49565920e+00
-9.12729855e-02 3.74413068e-02 -9.95121772e-01 -1.77648652e+01 -1.07779879e-02 9.99197263e-01 3.85832157e-02 1.91264867e-01 9.95767607e-01 1.42470179e-02 -9.07961738e-02 4.42389220e+00
-8.95394839e-02 3.63193269e-02 -9.95320822e-01 -1.84747953e+01 -1.19343402e-02 9.99224032e-01 3.75353811e-02 2.09258951e-01 9.95911794e-01 1.52393980e-02 -8.90365554e-02 4.35928221e+00
-8.77434366e-02 3.34608117e-02 -9.95580943e-01 -1.91960767e+01 -1.41398621e-02 9.99293156e-01 3.48317708e-02 2.29719951e-01 9.96042772e-01 1.71336383e-02 -8.72082829e-02 4.29384224e+00
-8.60800381e-02 3.25741514e-02 -9.95755543e-01 -2.00054276e+01 -1.54831690e-02 9.99300918e-01 3.40286110e-02 2.50644227e-01 9.96167932e-01 1.83466371e-02 -8.55155084e-02 4.22222529e+00
-8.44518940e-02 3.48289717e-02 -9.95818644e-01 -2.07585815e+01 -1.29470224e-02 9.99266205e-01 3.60475498e-02 2.69910243e-01 9.96343466e-01 1.59371721e-02 -8.39389905e-02 4.16355754e+00
-8.31822625e-02 3.71422428e-02 -9.95841913e-01 -2.15944713e+01 -1.04956818e-02 9.99217100e-01 3.81448358e-02 2.88584852e-01 9.96479102e-01 1.36250158e-02 -8.27273044e-02 4.09837356e+00
-8.18761469e-02 3.93864677e-02 -9.95863923e-01 -2.23631342e+01 -9.75912703e-03 9.99139224e-01 4.03183722e-02 3.06074455e-01 9.96594755e-01 1.30198779e-02 -8.14212907e-02 4.03667599e+00
-8.11877761e-02 3.55437463e-02 -9.96064826e-01 -2.31325586e+01 -9.88453876e-03 9.99286068e-01 3.64643752e-02 3.20986493e-01 9.96649834e-01 1.28061053e-02 -8.07784784e-02 3.97414987e+00
-8.06612011e-02 2.77461997e-02 -9.96355293e-01 -2.39846559e+01 -8.44649232e-03 9.99557559e-01 2.85191781e-02 3.34345625e-01 9.96705813e-01 1.07161012e-02 -8.03911537e-02 3.90862730e+00
-8.05924727e-02 2.31703776e-02 -9.96477766e-01 -2.47715706e+01 -5.06699055e-03 9.99707334e-01 2.36552827e-02 3.48845158e-01 9.96734282e-01 6.95558440e-03 -8.04514803e-02 3.85124592e+00
-8.10856626e-02 2.29938951e-02 -9.96441843e-01 -2.56495623e+01 -3.52686446e-03 9.99720977e-01 2.33565693e-02 3.61731067e-01 9.96700921e-01 5.40820170e-03 -8.09819399e-02 3.78443552e+00
-8.09044071e-02 3.12283949e-02 -9.96232510e-01 -2.64605538e+01 -4.49442842e-03 9.99487469e-01 3.16954274e-02 3.71601106e-01 9.96711757e-01 7.04179871e-03 -8.07225857e-02 3.71737979e+00
-8.12308757e-02 3.78315216e-02 -9.95977044e-01 -2.72742116e+01 -5.57095709e-03 9.99246531e-01 3.84100802e-02 3.84656333e-01 9.96679768e-01 8.66863282e-03 -8.09589114e-02 3.64875973e+00
-8.15852450e-02 4.38947536e-02 -9.95699276e-01 -2.81698266e+01 -7.63772502e-03 9.98972829e-01 4.46648918e-02 4.03047591e-01 9.96637127e-01 1.12488760e-02 -8.11661854e-02 3.56911047e+00
-8.19584346e-02 4.47195093e-02 -9.95631925e-01 -2.89807041e+01 -9.38631007e-03 9.98913873e-01 4.56395913e-02 4.18891706e-01 9.96591572e-01 1.30858618e-02 -8.14496645e-02 3.49557334e+00
-8.23876107e-02 4.12064697e-02 -9.95748090e-01 -2.98686120e+01 -9.68842300e-03 9.99064515e-01 4.21453340e-02 4.37569355e-01 9.96553293e-01 1.31194844e-02 -8.19113110e-02 3.41699449e+00
-8.28197650e-02 3.80506960e-02 -9.95837829e-01 -3.06744098e+01 -9.51400127e-03 9.99195079e-01 3.89702240e-02 4.56484913e-01 9.96519152e-01 1.27019096e-02 -8.23910857e-02 3.34734883e+00
-8.28144945e-02 3.91153675e-02 -9.95797016e-01 -3.14837440e+01 -1.10165124e-02 9.99132426e-01 4.01625694e-02 4.75611165e-01 9.96504112e-01 1.42962553e-02 -8.23117302e-02 3.27618116e+00
-8.26164153e-02 4.19167095e-02 -9.95699487e-01 -3.23737522e+01 -1.21683847e-02 9.98998156e-01 4.30652346e-02 4.91899762e-01 9.96507154e-01 1.56739517e-02 -8.20235863e-02 3.19855022e+00
-8.26419213e-02 4.09074049e-02 -9.95739347e-01 -3.31802961e+01 -1.30197497e-02 9.99027593e-01 4.21230833e-02 5.07154701e-01 9.96494279e-01 1.64454115e-02 -8.20289540e-02 3.12644589e+00
-8.22147991e-02 3.54679597e-02 -9.95983284e-01 -3.40605327e+01 -1.38209313e-02 9.99229852e-01 3.67244482e-02 5.24582046e-01 9.96518820e-01 1.67847115e-02 -8.16612797e-02 3.04995160e+00
-8.18682475e-02 3.10499040e-02 -9.96159347e-01 -3.48611504e+01 -1.49950931e-02 9.99363070e-01 3.23821245e-02 5.38476660e-01 9.96530374e-01 1.75885716e-02 -8.13505054e-02 2.98193375e+00
-8.14595250e-02 3.14658387e-02 -9.96179802e-01 -3.56652557e+01 -1.50576922e-02 9.99348592e-01 3.27972327e-02 5.49518724e-01 9.96562924e-01 1.76718176e-02 -8.09326571e-02 2.91486539e+00
-8.06542695e-02 3.45148007e-02 -9.96144351e-01 -3.65522492e+01 -1.40700816e-02 9.99261283e-01 3.57620091e-02 5.58021156e-01 9.96642850e-01 1.69001928e-02 -8.01090612e-02 2.84342479e+00
-8.02098542e-02 3.88377688e-02 -9.96021063e-01 -3.73596139e+01 -1.35747611e-02 9.99105413e-01 4.00512237e-02 5.70267809e-01 9.96685585e-01 1.67332526e-02 -7.96108845e-02 2.77809029e+00
-7.95736605e-02 4.45851890e-02 -9.95831383e-01 -3.82486911e+01 -1.27646443e-02 9.98871762e-01 4.57413024e-02 5.88353505e-01 9.96747283e-01 1.63512381e-02 -7.89147668e-02 2.70616546e+00
-7.97226964e-02 4.83485330e-02 -9.95643843e-01 -3.90535917e+01 -1.28616176e-02 9.98690004e-01 4.95263129e-02 6.05432818e-01 9.96734127e-01 1.67539634e-02 -7.89964180e-02 2.64051999e+00
-7.94527829e-02 4.78765810e-02 -9.95688224e-01 -3.98540897e+01 -1.25477757e-02 9.98718800e-01 4.90235850e-02 6.23691136e-01 9.96759679e-01 1.63887347e-02 -7.87502418e-02 2.57658285e+00
-7.92607209e-02 4.41412716e-02 -9.95876115e-01 -4.07309289e+01 -1.24445683e-02 9.98897469e-01 4.52656488e-02 6.46650051e-01 9.96776264e-01 1.59810382e-02 -7.86240128e-02 2.50536992e+00
-7.88939397e-02 3.96299240e-02 -9.96094958e-01 -4.15254458e+01 -1.30975749e-02 9.99082051e-01 4.07861445e-02 6.63506126e-01 9.96796995e-01 1.62642099e-02 -7.83024615e-02 2.43951626e+00
-7.85632842e-02 3.67362335e-02 -9.96232006e-01 -4.24009276e+01 -1.72610724e-02 9.99120869e-01 3.82039839e-02 6.81201902e-01 9.96759708e-01 2.01974646e-02 -7.78601084e-02 2.36222393e+00
-7.90458496e-02 3.46420500e-02 -9.96268855e-01 -4.31962244e+01 -2.03983016e-02 9.99130552e-01 3.63600032e-02 6.97554840e-01 9.96662286e-01 2.31963009e-02 -7.82704828e-02 2.29217963e+00
-7.96470449e-02 3.32224919e-02 -9.96269323e-01 -4.39904086e+01 -1.92243542e-02 9.99207380e-01 3.48573706e-02 7.08664983e-01 9.96637759e-01 2.19289221e-02 -7.89452325e-02 2.22801027e+00
-8.09301234e-02 2.96991445e-02 -9.96277184e-01 -4.48601061e+01 -1.52519741e-02 9.99402040e-01 3.10312599e-02 7.20753865e-01 9.96603102e-01 1.77065592e-02 -8.04287583e-02 2.16174270e+00
-8.15773096e-02 2.75764795e-02 -9.96285416e-01 -4.56496407e+01 -1.11698069e-02 9.99529074e-01 2.85808680e-02 7.32775538e-01 9.96604449e-01 1.34598683e-02 -8.12308672e-02 2.10014614e+00
-8.33086169e-02 3.11808211e-02 -9.96035833e-01 -4.65208126e+01 -1.01674703e-02 9.99431739e-01 3.21375455e-02 7.43617832e-01 9.96471950e-01 1.28045017e-02 -8.29442442e-02 2.02776190e+00
-8.49965057e-02 3.76255552e-02 -9.95670559e-01 -4.73130633e+01 -8.38326282e-03 9.99224377e-01 3.84755051e-02 7.53206069e-01 9.96346006e-01 1.16172540e-02 -8.46151540e-02 1.96135449e+00
-8.66971254e-02 4.16643904e-02 -9.95363068e-01 -4.80999912e+01 -6.32725556e-03 9.99081903e-01 4.23711738e-02 7.64054248e-01 9.96214648e-01 9.97137829e-03 -8.63539062e-02 1.89529239e+00
-8.84987476e-02 4.03887242e-02 -9.95257089e-01 -4.89560516e+01 -5.43584109e-03 9.99143137e-01 4.10297904e-02 7.76726952e-01 9.96061481e-01 9.04114740e-03 -8.82033680e-02 1.82086893e+00
-8.94935927e-02 3.72582645e-02 -9.95290244e-01 -4.97275833e+01 -9.16493469e-03 9.99226947e-01 3.82297251e-02 7.87004708e-01 9.95945255e-01 1.25430880e-02 -8.90829383e-02 1.74440124e+00
-9.07454451e-02 3.31408821e-02 -9.95322509e-01 -5.04951929e+01 -1.31465708e-02 9.99319173e-01 3.44725624e-02 7.98055833e-01 9.95787368e-01 1.62133078e-02 -9.02479726e-02 1.66626003e+00
-9.19545587e-02 3.13824697e-02 -9.95268532e-01 -5.13368745e+01 -1.77136589e-02 9.99293535e-01 3.31459867e-02 8.12426552e-01 9.95605662e-01 2.06777731e-02 -9.13336961e-02 1.57749859e+00
-9.29066548e-02 3.26394206e-02 -9.95139675e-01 -5.21025000e+01 -1.99532563e-02 9.99200806e-01 3.46354722e-02 8.21382095e-01 9.95474897e-01 2.30741438e-02 -9.21811401e-02 1.49881987e+00
-9.39106608e-02 3.42767993e-02 -9.94990371e-01 -5.29411414e+01 -1.95372859e-02 9.99151243e-01 3.62641430e-02 8.31774212e-01 9.95388935e-01 2.28450020e-02 -9.31612763e-02 1.41743097e+00
-9.48057747e-02 3.38291856e-02 -9.94920802e-01 -5.36972536e+01 -2.12669088e-02 9.99125524e-01 3.59986800e-02 8.41582753e-01 9.95268624e-01 2.45717734e-02 -9.40034256e-02 1.34118496e+00
-9.53708640e-02 3.35820755e-02 -9.94875165e-01 -5.44498700e+01 -2.24095662e-02 9.99105066e-01 3.58730921e-02 8.48695634e-01 9.95189559e-01 2.57159692e-02 -9.45329521e-02 1.26554256e+00
-9.59300108e-02 3.52960593e-02 -9.94762068e-01 -5.52737292e+01 -2.08765788e-02 9.99079941e-01 3.74625086e-02 8.59930582e-01 9.95169157e-01 2.43610084e-02 -9.51048870e-02 1.18704874e+00
-9.62334649e-02 3.77618522e-02 -9.94642204e-01 -5.60204701e+01 -1.96599050e-02 9.99013045e-01 3.98299320e-02 8.69051060e-01 9.95164639e-01 2.33875445e-02 -9.53960909e-02 1.11596398e+00
-9.62533442e-02 4.23748244e-02 -9.94454433e-01 -5.68376438e+01 -2.02394052e-02 9.98803491e-01 4.45191251e-02 8.82159904e-01 9.95151099e-01 2.44122817e-02 -9.52805334e-02 1.03345210e+00
-9.67084500e-02 4.47648636e-02 -9.94305553e-01 -5.75727121e+01 -2.01828619e-02 9.98694473e-01 4.69254985e-02 8.95313576e-01 9.95108123e-01 2.46060246e-02 -9.56787098e-02 9.60279334e-01
-9.74121588e-02 4.46875826e-02 -9.94240334e-01 -5.82995984e+01 -1.97683697e-02 9.98707470e-01 4.68252083e-02 9.09773705e-01 9.95047804e-01 2.42158559e-02 -9.64028485e-02 8.89694656e-01
-9.78737045e-02 4.27704659e-02 -9.94279325e-01 -5.90905781e+01 -1.90672323e-02 9.98812095e-01 4.48423763e-02 9.23279131e-01 9.95016195e-01 2.33470453e-02 -9.69419239e-02 8.12377435e-01
-9.79554811e-02 3.93545445e-02 -9.94412336e-01 -5.97970842e+01 -1.88251120e-02 9.98965742e-01 4.13891411e-02 9.33244166e-01 9.95012758e-01 2.27742178e-02 -9.71133146e-02 7.41058461e-01
-9.78697361e-02 3.65631601e-02 -9.94527325e-01 -6.05634719e+01 -1.90696013e-02 9.99072500e-01 3.86068749e-02 9.43136759e-01 9.95016540e-01 2.27436853e-02 -9.70817155e-02 6.63503298e-01
-9.66739877e-02 3.41563068e-02 -9.94729831e-01 -6.12452793e+01 -1.95832142e-02 9.99152257e-01 3.62113857e-02 9.50426420e-01 9.95123453e-01 2.29807074e-02 -9.59231412e-02 5.95830825e-01
-9.45335055e-02 3.33146263e-02 -9.94964071e-01 -6.19141889e+01 -2.16311600e-02 9.99135210e-01 3.55095159e-02 9.55965933e-01 9.95286672e-01 2.48790668e-02 -9.37311183e-02 5.30057955e-01
-9.04537358e-02 3.44922433e-02 -9.95303148e-01 -6.26338201e+01 -2.26503397e-02 9.99070291e-01 3.66812770e-02 9.60441481e-01 9.95643075e-01 2.58619135e-02 -8.95883775e-02 4.64618242e-01
-8.48521619e-02 3.55893216e-02 -9.95757732e-01 -6.32721338e+01 -2.18169158e-02 9.99055952e-01 3.75663096e-02 9.65005090e-01 9.96154698e-01 2.49119458e-02 -8.39956066e-02 4.13825799e-01
-7.72906003e-02 3.74235704e-02 -9.96305972e-01 -6.39589716e+01 -2.10327010e-02 9.99011694e-01 3.91568686e-02 9.69460842e-01 9.96786757e-01 2.39814643e-02 -7.64270932e-02 3.64833795e-01
-6.90299394e-02 3.87761758e-02 -9.96860685e-01 -6.45687887e+01 -2.20146497e-02 9.98941781e-01 4.03815903e-02 9.73801355e-01 9.97371682e-01 2.47330782e-02 -6.81032451e-02 3.24424381e-01
-5.76907034e-02 4.04292315e-02 -9.97515519e-01 -6.51637309e+01 -2.41595163e-02 9.98830517e-01 4.18797872e-02 9.79370126e-01 9.98042159e-01 2.65155672e-02 -5.66464828e-02 2.91135454e-01
-4.23410669e-02 4.21332696e-02 -9.98214392e-01 -6.58006178e+01 -2.73981663e-02 9.98685698e-01 4.33153136e-02 9.87990642e-01 9.98727503e-01 2.91832605e-02 -4.11310420e-02 2.66899561e-01
-2.48062860e-02 4.34383878e-02 -9.98748069e-01 -6.63599723e+01 -2.90457065e-02 9.98602432e-01 4.41534812e-02 9.96032647e-01 9.99270256e-01 3.01046271e-02 -2.35099173e-02 2.59589691e-01
-1.70636038e-03 4.42805996e-02 -9.99017651e-01 -6.69530726e+01 -3.03013431e-02 9.98558098e-01 4.43119946e-02 1.00345734e+00 9.99539377e-01 3.03471887e-02 -3.62136745e-04 2.69822964e-01
2.26066263e-02 4.50126802e-02 -9.98730569e-01 -6.74698367e+01 -3.01447455e-02 9.98562360e-01 4.43227703e-02 1.00876360e+00 9.99289890e-01 2.91044905e-02 2.39310235e-02 2.97892712e-01
5.31332670e-02 4.43940817e-02 -9.97600106e-01 -6.80122655e+01 -2.84832946e-02 9.98672203e-01 4.29247479e-02 1.01346115e+00 9.98181150e-01 2.61342059e-02 5.43272081e-02 3.52968628e-01
8.54488282e-02 4.44780838e-02 -9.95349259e-01 -6.84821312e+01 -2.75050194e-02 9.98727644e-01 4.22678050e-02 1.01605689e+00 9.95962861e-01 2.37653669e-02 8.65634790e-02 4.20965810e-01
1.21129508e-01 4.45961121e-02 -9.91634398e-01 -6.89324265e+01 -2.68721227e-02 9.98771469e-01 4.16346243e-02 1.01933038e+00 9.92272936e-01 2.16041406e-02 1.22179090e-01 5.04783259e-01
1.63573117e-01 4.42768055e-02 -9.85537088e-01 -6.94094676e+01 -2.67093402e-02 9.98824888e-01 4.04407442e-02 1.02112969e+00 9.86169608e-01 1.97080279e-02 1.64563506e-01 6.17145672e-01
2.06351947e-01 4.52090221e-02 -9.77432847e-01 -6.98320736e+01 -2.58712508e-02 9.98834905e-01 4.07370947e-02 1.02362824e+00 9.78135778e-01 1.68812330e-02 2.07281143e-01 7.41524861e-01
2.56719704e-01 4.40807876e-02 -9.65480104e-01 -7.02812238e+01 -2.30789683e-02 9.98954097e-01 3.94724502e-02 1.02364808e+00 9.66210330e-01 1.21489310e-02 2.57468540e-01 9.04281709e-01
3.04303190e-01 3.95016895e-02 -9.51755819e-01 -7.06713087e+01 -1.58365976e-02 9.99211523e-01 3.64078921e-02 1.02359069e+00 9.52443602e-01 3.99353938e-03 3.04688828e-01 1.08106410e+00
3.57904811e-01 3.39501135e-02 -9.33140660e-01 -7.10842919e+01 -9.91367607e-03 9.99420641e-01 3.25591833e-02 1.02539095e+00 9.33705472e-01 -2.40223022e-03 3.58034028e-01 1.29796246e+00
4.07519247e-01 2.89021216e-02 -9.12739113e-01 -7.14462548e+01 -4.49884946e-03 9.99550444e-01 2.96423867e-02 1.03183717e+00 9.13185559e-01 -7.97356266e-03 4.07466072e-01 1.51572330e+00
4.61195394e-01 2.78040979e-02 -8.86862842e-01 -7.18342994e+01 -4.33000467e-03 9.99567541e-01 2.90857832e-02 1.03998712e+00 8.87288058e-01 -9.57410429e-03 4.61116339e-01 1.77031810e+00
5.07179423e-01 2.65154539e-02 -8.61432485e-01 -7.21724760e+01 -3.14954641e-03 9.99576961e-01 2.89133003e-02 1.04506333e+00 8.61834758e-01 -1.19511045e-02 5.07048380e-01 2.01972123e+00
5.50434337e-01 2.28546340e-02 -8.34565558e-01 -7.24919183e+01 3.58225933e-03 9.99551385e-01 2.97354510e-02 1.04940139e+00 8.34870793e-01 -1.93570377e-02 5.50105534e-01 2.29030361e+00
5.96430597e-01 1.57604891e-02 -8.02509886e-01 -7.28168793e+01 1.55342878e-02 9.99393304e-01 3.11722689e-02 1.05171565e+00 8.02514336e-01 -3.10585071e-02 5.95823918e-01 2.61167677e+00
6.37152744e-01 1.06318873e-02 -7.70664203e-01 -7.30985705e+01 1.77225867e-02 9.99438372e-01 2.84402883e-02 1.05139811e+00 7.70533789e-01 -3.17789636e-02 6.36606478e-01 2.90563042e+00
6.80756984e-01 5.93160905e-03 -7.32485301e-01 -7.33972830e+01 1.42807084e-02 9.99669692e-01 2.13674490e-02 1.05227643e+00 7.32370136e-01 -2.50064429e-02 6.80447419e-01 3.23668409e+00
7.19577703e-01 -1.12706254e-03 -6.94410998e-01 -7.36555202e+01 1.13855227e-02 9.99883410e-01 1.01752949e-02 1.05540582e+00 6.94318603e-01 -1.52281429e-02 7.19506641e-01 3.55601686e+00
7.61146910e-01 -4.96492589e-03 -6.48560490e-01 -7.39299028e+01 7.05171133e-03 9.99974944e-01 6.20737581e-04 1.05853979e+00 6.48541189e-01 -5.04593085e-03 7.61162851e-01 3.93415371e+00
7.96913668e-01 -6.05984396e-03 -6.04062799e-01 -7.41669131e+01 5.81267756e-03 9.99980314e-01 -2.36320395e-03 1.05738721e+00 6.04065258e-01 -1.62795041e-03 7.96933205e-01 4.30723304e+00
8.29882834e-01 -8.08699360e-03 -5.57879079e-01 -7.43883619e+01 6.68519505e-03 9.99967299e-01 -4.55081061e-03 1.05642314e+00 5.57897666e-01 4.71110580e-05 8.29909759e-01 4.70674992e+00
8.62690158e-01 -7.34323978e-03 -5.05679498e-01 -7.46209271e+01 4.10200055e-03 9.99963289e-01 -7.52297861e-03 1.05276368e+00 5.05716202e-01 4.41570312e-03 8.62688610e-01 5.17024273e+00
8.88222981e-01 -5.54739727e-03 -4.59379093e-01 -7.48192571e+01 3.27673937e-03 9.99978158e-01 -5.73992593e-03 1.04440453e+00 4.59400924e-01 3.59306960e-03 8.88221758e-01 5.61824611e+00
9.11133182e-01 2.77631967e-04 -4.12111925e-01 -7.50275139e+01 -2.46038946e-03 9.99985616e-01 -4.76597351e-03 1.03780818e+00 4.12104695e-01 5.35639306e-03 9.11120760e-01 6.13472400e+00
9.28309818e-01 4.40679838e-03 -3.71781460e-01 -7.52046781e+01 -7.40285338e-03 9.99950608e-01 -6.63174534e-03 1.03535043e+00 3.71733890e-01 8.90855790e-03 9.28296590e-01 6.62244902e+00
9.41829902e-01 8.76337374e-03 -3.35975642e-01 -7.53715296e+01 -1.14146133e-02 9.99917344e-01 -5.91701565e-03 1.03027162e+00 3.35896036e-01 9.40785406e-03 9.41852086e-01 7.13558206e+00
9.52809754e-01 1.02903480e-02 -3.03393599e-01 -7.55424925e+01 -1.19037972e-02 9.99923130e-01 -3.46907517e-03 1.01938449e+00 3.03334594e-01 6.91690453e-03 9.52859006e-01 7.72384539e+00
9.60077612e-01 9.15454310e-03 -2.79583923e-01 -7.56892350e+01 -1.01772266e-02 9.99945776e-01 -2.20641835e-03 1.01004602e+00 2.79548578e-01 4.96372199e-03 9.60118721e-01 8.27898264e+00
9.66391213e-01 9.08243148e-03 -2.56915413e-01 -7.58435421e+01 -9.41433307e-03 9.99955682e-01 -6.18811044e-05 1.00374672e+00 2.56903478e-01 2.47848910e-03 9.66433890e-01 8.90819000e+00
9.70930585e-01 1.16835803e-02 -2.39075910e-01 -7.59815385e+01 -1.13679814e-02 9.99931740e-01 2.69899207e-03 9.96045380e-01 2.39091136e-01 9.72773050e-05 9.70997128e-01 9.49847242e+00
9.74469466e-01 1.54520807e-02 -2.23987699e-01 -7.61178530e+01 -1.50577877e-02 9.99880609e-01 3.46842373e-03 9.88627182e-01 2.24014563e-01 -7.11308123e-06 9.74585798e-01 1.01016028e+01
9.77626850e-01 2.00666898e-02 -2.09387362e-01 -7.62616777e+01 -1.93283653e-02 9.99797663e-01 5.57199013e-03 9.80595844e-01 2.09456817e-01 -1.40021089e-03 9.77816897e-01 1.07840256e+01
9.80315498e-01 1.84183698e-02 -1.96576413e-01 -7.63780922e+01 -1.77386221e-02 9.99829041e-01 5.21821601e-03 9.76290363e-01 1.96638927e-01 -1.62850248e-03 9.80474621e-01 1.14204126e+01
9.82877202e-01 1.82844552e-02 -1.83352346e-01 -7.64875890e+01 -1.76851940e-02 9.99831582e-01 4.90315558e-03 9.73040807e-01 1.83411127e-01 -1.57657722e-03 9.83035032e-01 1.20713367e+01
9.85644617e-01 1.86556863e-02 -1.67799441e-01 -7.66034890e+01 -1.80093944e-02 9.99823382e-01 5.37267690e-03 9.69942312e-01 1.67870044e-01 -2.27358291e-03 9.85806513e-01 1.28061583e+01
9.87894103e-01 1.98465671e-02 -1.53854976e-01 -7.67002736e+01 -1.91812564e-02 9.99799155e-01 5.80764141e-03 9.64669682e-01 1.53939344e-01 -2.78620209e-03 9.88076372e-01 1.34901389e+01
9.89911920e-01 1.99196402e-02 -1.40276857e-01 -7.67999086e+01 -1.96857971e-02 9.99801550e-01 3.05457090e-03 9.53683886e-01 1.40309872e-01 -2.62293921e-04 9.90107606e-01 1.42536904e+01
9.91367697e-01 2.11480837e-02 -1.29394152e-01 -7.68842587e+01 -2.14855952e-02 9.99768422e-01 -1.21284275e-03 9.43126318e-01 1.29338545e-01 3.98248333e-03 9.91592498e-01 1.49587876e+01
9.92604367e-01 1.84596730e-02 -1.19982544e-01 -7.69612924e+01 -1.95802520e-02 9.99774930e-01 -8.16720336e-03 9.34899731e-01 1.19804782e-01 1.04560890e-02 9.92742406e-01 1.56738757e+01
9.93626776e-01 1.79444489e-02 -1.11282640e-01 -7.70421827e+01 -1.90924170e-02 9.99774853e-01 -9.25862855e-03 9.25709735e-01 1.11091450e-01 1.13242745e-02 9.93745667e-01 1.64779819e+01
9.94320265e-01 1.97035878e-02 -1.04589571e-01 -7.71170634e+01 -2.01317379e-02 9.99792716e-01 -3.03938276e-03 9.12804623e-01 1.04508009e-01 5.12768928e-03 9.94510826e-01 1.72219196e+01
9.94747893e-01 2.42532520e-02 -9.94404810e-02 -7.71944347e+01 -2.38688607e-02 9.99702325e-01 5.05365661e-03 8.97459929e-01 9.95334526e-02 -2.65358260e-03 9.95030678e-01 1.79690840e+01
9.95170831e-01 2.54205156e-02 -9.48093540e-02 -7.72717750e+01 -2.45393849e-02 9.99644262e-01 1.04483072e-02 8.85198366e-01 9.50412328e-02 -8.07128590e-03 9.95440616e-01 1.87886318e+01
9.95527880e-01 2.34265679e-02 -9.15174072e-02 -7.73345395e+01 -2.27438628e-02 9.99705225e-01 8.49584006e-03 8.76143338e-01 9.16894631e-02 -6.37638511e-03 9.95767234e-01 1.95271807e+01
9.95835542e-01 2.35889891e-02 -8.80632252e-02 -7.74034238e+01 -2.30113942e-02 9.99706554e-01 7.56850768e-03 8.66451919e-01 8.82159212e-02 -5.51053031e-03 9.96086134e-01 2.03406505e+01
9.96113277e-01 2.20711361e-02 -8.52713547e-02 -7.74623671e+01 -2.13499355e-02 9.99728243e-01 9.36056518e-03 8.58896431e-01 8.54547842e-02 -7.50364401e-03 9.96313794e-01 2.10832277e+01
9.96351967e-01 2.02627728e-02 -8.28985978e-02 -7.75178088e+01 -1.93184633e-02 9.99739218e-01 1.21775699e-02 8.51157570e-01 8.31237348e-02 -1.05316705e-02 9.96483582e-01 2.18267889e+01
9.96667331e-01 1.77972666e-02 -7.96083480e-02 -7.75729329e+01 -1.67158523e-02 9.99759013e-01 1.42301288e-02 8.39866321e-01 7.98424247e-02 -1.28519810e-02 9.96724643e-01 2.26422861e+01
9.96889597e-01 1.70462570e-02 -7.69451475e-02 -7.76197563e+01 -1.62068070e-02 9.99802282e-01 1.15210969e-02 8.27387355e-01 7.71263294e-02 -1.02382248e-02 9.96968760e-01 2.33778132e+01
9.96989511e-01 1.95273564e-02 -7.50373077e-02 -7.76721877e+01 -1.92729841e-02 9.99805800e-01 4.11268636e-03 8.19158906e-01 7.51030491e-02 -2.65411172e-03 9.97172246e-01 2.41101541e+01
9.97102280e-01 2.00534055e-02 -7.33819008e-02 -7.77329195e+01 -2.04006502e-02 9.99783942e-01 -3.98542682e-03 8.03877048e-01 7.32861283e-02 5.47091609e-03 9.97295950e-01 2.49147136e+01
9.97172844e-01 2.05944816e-02 -7.22647013e-02 -7.77863964e+01 -2.12847890e-02 9.99734765e-01 -8.79530916e-03 7.90034626e-01 7.20644029e-02 1.03085811e-02 9.97346708e-01 2.56459986e+01
9.97278380e-01 2.25936795e-02 -7.01808964e-02 -7.78463182e+01 -2.31197905e-02 9.99710297e-01 -6.69311660e-03 7.72462848e-01 7.00093462e-02 8.29746712e-03 9.97511826e-01 2.64560741e+01
9.97368459e-01 2.54409078e-02 -6.78890010e-02 -7.79065592e+01 -2.57128788e-02 9.99664453e-01 -3.13509306e-03 7.50229499e-01 6.77864649e-02 4.87246409e-03 9.97687955e-01 2.71868280e+01
9.97407899e-01 2.93483350e-02 -6.56974775e-02 -7.79647431e+01 -2.92602480e-02 9.99569174e-01 2.30289068e-03 7.29356355e-01 6.57367626e-02 -3.74596631e-04 9.97836930e-01 2.79170662e+01
9.97623824e-01 2.71806564e-02 -6.33081148e-02 -7.80186954e+01 -2.69767964e-02 9.99627763e-01 4.07292397e-03 7.12714277e-01 6.33952570e-02 -2.35539535e-03 9.97985718e-01 2.87146924e+01
9.97768382e-01 2.41586005e-02 -6.22464255e-02 -7.80616784e+01 -2.39719878e-02 9.99705623e-01 3.74321632e-03 6.96563500e-01 6.23185355e-02 -2.24269185e-03 9.98053792e-01 2.94371770e+01
9.97869175e-01 2.22334938e-02 -6.13415168e-02 -7.81092252e+01 -2.20159581e-02 9.99748713e-01 4.22006310e-03 6.78587047e-01 6.14199323e-02 -2.86057803e-03 9.98107915e-01 3.02320959e+01
9.97940240e-01 2.22411487e-02 -6.01714979e-02 -7.81532121e+01 -2.21207917e-02 9.99751751e-01 2.66576992e-03 6.63996121e-01 6.02158531e-02 -1.32923754e-03 9.98184494e-01 3.09569753e+01
9.98017027e-01 2.01511041e-02 -5.96317579e-02 -7.81941510e+01 -2.01557642e-02 9.99796715e-01 5.23472725e-04 6.47561650e-01 5.96301871e-02 6.79489034e-04 9.98220306e-01 3.16847653e+01
9.98088513e-01 1.86282616e-02 -5.89262923e-02 -7.82412619e+01 -1.85954477e-02 9.99826479e-01 1.10527951e-03 6.29067506e-01 5.89366597e-02 -7.40582069e-06 9.98261724e-01 3.24934618e+01
9.98079419e-01 2.15699870e-02 -5.80707157e-02 -7.82918450e+01 -2.15109582e-02 9.99767265e-01 1.64155562e-03 6.14390908e-01 5.80926118e-02 -3.89245924e-04 9.98311122e-01 3.32309890e+01
9.98087217e-01 2.14453331e-02 -5.79827996e-02 -7.83410628e+01 -2.14419293e-02 9.99769863e-01 6.80999661e-04 5.99300689e-01 5.79840628e-02 5.63566118e-04 9.98317350e-01 3.39722908e+01
9.97975034e-01 2.15440972e-02 -5.98471728e-02 -7.83971881e+01 -2.15428857e-02 9.99767704e-01 6.65606361e-04 5.78126792e-01 5.98476133e-02 6.25022350e-04 9.98207330e-01 3.47951238e+01
9.97902573e-01 1.90924403e-02 -6.18541310e-02 -7.84455344e+01 -1.90524921e-02 9.99817721e-01 1.23569648e-03 5.63876644e-01 6.18664518e-02 -5.46291698e-05 9.98084435e-01 3.55504251e+01
9.97672049e-01 2.02654936e-02 -6.51136931e-02 -7.85067019e+01 -2.02625950e-02 9.99794444e-01 7.05030809e-04 5.45974259e-01 6.51145996e-02 6.15982960e-04 9.97877603e-01 3.63843570e+01
9.97396565e-01 2.40167953e-02 -6.79947467e-02 -7.85684695e+01 -2.40003921e-02 9.99711389e-01 1.05831213e-03 5.27870510e-01 6.80005433e-02 5.76343808e-04 9.97685118e-01 3.71495969e+01
9.97183072e-01 2.55343368e-02 -7.05260163e-02 -7.86306371e+01 -2.58013017e-02 9.99662952e-01 -2.87675328e-03 5.11004104e-01 7.04287931e-02 4.68831223e-03 9.97505792e-01 3.79137762e+01
9.96984122e-01 2.53501567e-02 -7.33486839e-02 -7.86986114e+01 -2.60058416e-02 9.99629796e-01 -7.99788485e-03 4.93166846e-01 7.31187860e-02 9.88125725e-03 9.97274287e-01 3.87595906e+01
9.96875479e-01 2.41884324e-02 -7.51944007e-02 -7.87585588e+01 -2.49279625e-02 9.99649527e-01 -8.91176566e-03 4.82140262e-01 7.49524892e-02 1.07583625e-02 9.97129070e-01 3.95411867e+01
9.96676366e-01 2.51617001e-02 -7.74797324e-02 -7.88284127e+01 -2.58269607e-02 9.99637569e-01 -7.59599610e-03 4.63099073e-01 7.72605270e-02 9.57181465e-03 9.96964990e-01 4.04091172e+01
9.96530382e-01 2.45041512e-02 -7.95408363e-02 -7.88929770e+01 -2.50812410e-02 9.99665790e-01 -6.26410692e-03 4.45394832e-01 7.93607603e-02 8.23735480e-03 9.96811926e-01 4.12065498e+01
9.96423084e-01 2.26388316e-02 -8.14157251e-02 -7.89543132e+01 -2.31437373e-02 9.99718294e-01 -5.26305711e-03 4.33626336e-01 8.12736444e-02 7.12849497e-03 9.96666333e-01 4.20109557e+01
9.96342611e-01 2.22020457e-02 -8.25134565e-02 -7.90274482e+01 -2.23839076e-02 9.99748630e-01 -1.27945140e-03 4.19631017e-01 8.24643127e-02 3.12174533e-03 9.96589129e-01 4.29043756e+01
9.96280885e-01 2.18279185e-02 -8.33543005e-02 -7.90960178e+01 -2.16349469e-02 9.99760759e-01 3.21778853e-03 4.03461628e-01 8.34046004e-02 -1.40245490e-03 9.96514780e-01 4.37222056e+01
9.96317042e-01 2.16724887e-02 -8.29617659e-02 -7.91641574e+01 -2.12447946e-02 9.99756090e-01 6.03477622e-03 3.88805512e-01 8.30723235e-02 -4.25004386e-03 9.96534458e-01 4.45457249e+01
9.96414198e-01 2.53572973e-02 -8.07202140e-02 -7.92436867e+01 -2.49629201e-02 9.99671018e-01 5.89136118e-03 3.74848325e-01 8.08430515e-02 -3.85522289e-03 9.96719388e-01 4.54537136e+01
9.96553967e-01 2.54458077e-02 -7.89474585e-02 -7.93130161e+01 -2.51485802e-02 9.99672406e-01 4.75707871e-03 3.63611612e-01 7.90426474e-02 -2.75526855e-03 9.96867428e-01 4.62820330e+01
9.96742088e-01 2.29088738e-02 -7.73330019e-02 -7.93829672e+01 -2.27966115e-02 9.99737398e-01 2.33432213e-03 3.48700552e-01 7.73661746e-02 -5.63786406e-04 9.97002587e-01 4.71967507e+01
9.96938890e-01 1.89368524e-02 -7.58567331e-02 -7.94409091e+01 -1.89530319e-02 9.99820247e-01 5.06710237e-04 3.33817813e-01 7.58526968e-02 9.32556030e-04 9.97118598e-01 4.80323601e+01
9.97104592e-01 1.75609821e-02 -7.39867902e-02 -7.95017706e+01 -1.75861950e-02 9.99845303e-01 3.10770470e-04 3.21074576e-01 7.39808057e-02 9.91275537e-04 9.97259173e-01 4.88704338e+01
9.97220244e-01 1.57577788e-02 -7.28249770e-02 -7.95705695e+01 -1.55971300e-02 9.99874509e-01 2.77419278e-03 3.01829336e-01 7.28595568e-02 -1.63062012e-03 9.97340878e-01 4.97985845e+01
9.97308337e-01 1.27192184e-02 -7.22101299e-02 -7.96282716e+01 -1.23573151e-02 9.99908758e-01 5.45639315e-03 2.86372575e-01 7.22729460e-02 -4.54938218e-03 9.97374516e-01 5.06424022e+01
9.97386752e-01 1.17183014e-02 -7.12905941e-02 -7.96955555e+01 -1.13395225e-02 9.99919370e-01 5.71561058e-03 2.70809715e-01 7.13518268e-02 -4.89227206e-03 9.97439213e-01 5.15663607e+01
9.97437251e-01 1.33483612e-02 -7.02904827e-02 -7.97601443e+01 -1.31467519e-02 9.99908032e-01 3.33012392e-03 2.56765647e-01 7.03284735e-02 -2.39749755e-03 9.97521006e-01 5.24000956e+01
9.97443406e-01 1.59081917e-02 -6.96676475e-02 -7.98265992e+01 -1.61074069e-02 9.99867625e-01 -2.29859934e-03 2.40926318e-01 6.96218622e-02 3.41488762e-03 9.97567609e-01 5.32276352e+01
9.97483396e-01 1.77472745e-02 -6.86433463e-02 -7.98971430e+01 -1.83332831e-02 9.99800591e-01 -7.91637587e-03 2.18870787e-01 6.84891675e-02 9.15491028e-03 9.97609855e-01 5.41346681e+01
9.97435873e-01 2.22002468e-02 -6.80354909e-02 -7.99638400e+01 -2.32243667e-02 9.99628018e-01 -1.42987648e-02 1.92098205e-01 6.76927502e-02 1.58421800e-02 9.97580431e-01 5.49546542e+01
9.97495593e-01 2.27307968e-02 -6.69765142e-02 -8.00302779e+01 -2.37834000e-02 9.99605187e-01 -1.49606160e-02 1.63258559e-01 6.66100076e-02 1.65160756e-02 9.97642384e-01 5.58578456e+01
9.97581932e-01 1.93554947e-02 -6.67506833e-02 -8.00882123e+01 -2.00784702e-02 9.99746609e-01 -1.01770526e-02 1.39990119e-01 6.65367907e-02 1.14926939e-02 9.97717783e-01 5.66790324e+01
9.97568500e-01 1.90023171e-02 -6.70522166e-02 -8.01483917e+01 -1.90252525e-02 9.99818959e-01 2.96603503e-04 1.16202768e-01 6.70457169e-02 9.79803092e-04 9.97749424e-01 5.75020384e+01
9.97463379e-01 2.03398541e-02 -6.82136160e-02 -8.02188578e+01 -1.97369419e-02 9.99760063e-01 9.50104826e-03 9.12174957e-02 6.83905023e-02 -8.13061817e-03 9.97625497e-01 5.84014067e+01
9.97354599e-01 1.64623110e-02 -7.08010984e-02 -8.02749062e+01 -1.60928136e-02 9.99853760e-01 5.78613988e-03 7.46226990e-02 7.08860012e-02 -4.63144347e-03 9.97473671e-01 5.92046816e+01
9.97260410e-01 1.02455168e-02 -7.32577944e-02 -8.03365083e+01 -1.00992783e-02 9.99946201e-01 2.36639704e-03 5.75578412e-02 7.32781018e-02 -1.62006277e-03 9.97310230e-01 6.00842953e+01
9.97073761e-01 9.84099848e-03 -7.58094225e-02 -8.03983749e+01 -9.74844555e-03 9.99951217e-01 1.59084379e-03 3.91266579e-02 7.58213836e-02 -8.47164221e-04 9.97121056e-01 6.08824813e+01
