1.00000000e+00 -2.00065575e-18 3.81511804e-17 -5.55111512e-17 -2.66465303e-19 1.00000000e+00 -1.41984535e-18 0.00000000e+00 -4.18903157e-18 9.45976201e-19 1.00000000e+00 0.00000000e+00
9.99999075e-01 9.39668811e-04 9.83097503e-04 7.02056075e-03 -9.39247191e-04 9.99999467e-01 -4.29428779e-04 -1.14392741e-02 -9.83500548e-04 4.28504945e-04 9.99999425e-01 5.26513869e-01
9.99996300e-01 1.88016154e-03 1.96621072e-03 1.40399374e-02 -1.87847618e-03 9.99997867e-01 -8.58844319e-04 -2.28777441e-02 -1.96782139e-03 8.55147531e-04 9.99997698e-01 1.05302753e+00
9.99991670e-01 2.82147462e-03 2.94933816e-03 2.10581362e-02 -2.81768562e-03 9.99995201e-01 -1.28824653e-03 -3.43154097e-02 -2.95295891e-03 1.27992529e-03 9.99994821e-01 1.57954099e+00
9.99985185e-01 3.76360447e-03 3.93247835e-03 2.80751509e-02 -3.75687419e-03 9.99991468e-01 -1.71763531e-03 -4.57522703e-02 -3.93890949e-03 1.70283578e-03 9.99990793e-01 2.10605425e+00
9.99976842e-01 4.70654752e-03 4.91562980e-03 3.50909884e-02 -4.69604053e-03 9.99986669e-01 -2.14701058e-03 -5.71883255e-02 -4.92566952e-03 2.12387654e-03 9.99985613e-01 2.63256731e+00
9.99966639e-01 5.65030018e-03 5.89879102e-03 4.21056393e-02 -5.63518332e-03 9.99980803e-01 -2.57637223e-03 -6.86235747e-02 -5.91323536e-03 2.54304513e-03 9.99979283e-01 3.15908017e+00
9.99954572e-01 6.59485884e-03 6.88196054e-03 4.91191131e-02 -6.57430122e-03 9.99973872e-01 -3.00572019e-03 -8.00580176e-02 -6.90160337e-03 2.96033911e-03 9.99971802e-01 3.68559285e+00
9.99940641e-01 7.54021993e-03 7.86513687e-03 5.61314091e-02 -7.51339289e-03 9.99965874e-01 -3.43505435e-03 -9.14916536e-02 -7.89076992e-03 3.37575607e-03 9.99963169e-01 4.21210533e+00
9.99924842e-01 8.48637981e-03 8.84831853e-03 6.31425233e-02 -8.45245699e-03 9.99956810e-01 -3.86437462e-03 -1.02924482e-01 -8.88073136e-03 3.78929357e-03 9.99953386e-01 4.73861763e+00
9.99907173e-01 9.43333489e-03 9.83150402e-03 7.01524568e-02 -9.39149219e-03 9.99946681e-01 -4.29368091e-03 -1.14356503e-01 -9.87148403e-03 4.20094921e-03 9.99942451e-01 5.26512975e+00
9.99887632e-01 1.03810815e-02 1.08146919e-02 7.71612119e-02 -1.03304972e-02 9.99935485e-01 -4.72297313e-03 -1.25787716e-01 -1.08630243e-02 4.61072057e-03 9.99930366e-01 5.79164169e+00
9.99866216e-01 1.13296162e-02 1.17978806e-02 8.41687877e-02 -1.12694705e-02 9.99923224e-01 -5.15225119e-03 -1.37218120e-01 -1.18553484e-02 5.01860527e-03 9.99917129e-01 6.31815345e+00
9.99842924e-01 1.22789351e-02 1.27810687e-02 9.11751865e-02 -1.22084110e-02 9.99909897e-01 -5.58151498e-03 -1.48647714e-01 -1.28484528e-02 5.42460090e-03 9.99902741e-01 6.84466503e+00
9.99817752e-01 1.32290347e-02 1.37642547e-02 9.81804076e-02 -1.31473172e-02 9.99895504e-01 -6.01076443e-03 -1.60076499e-01 -1.38423337e-02 5.82870507e-03 9.99887202e-01 7.37117645e+00
9.99798275e-01 1.40264549e-02 1.43759545e-02 1.03072087e-01 -1.39342501e-02 9.99881824e-01 -6.49423636e-03 -1.69536968e-01 -1.44653474e-02 6.29260720e-03 9.99875571e-01 7.84165792e+00
9.99761763e-01 1.51315613e-02 1.57306146e-02 1.12187309e-01 -1.50250216e-02 9.99863522e-01 -6.86921991e-03 -1.82931639e-01 -1.58324105e-02 6.63122958e-03 9.99852670e-01 8.42419878e+00
9.99693172e-01 1.64815958e-02 1.84910646e-02 1.22417335e-01 -1.63542042e-02 9.99841619e-01 -7.01973341e-03 -1.96935855e-01 -1.86038333e-02 6.71517187e-03 9.99804383e-01 8.95914635e+00
9.99595060e-01 1.74081753e-02 2.25093514e-02 1.37730625e-01 -1.72484935e-02 9.99824810e-01 -7.26898130e-03 -2.12407526e-01 -2.26319488e-02 6.87778433e-03 9.99720206e-01 9.55454069e+00
9.99500079e-01 1.75054797e-02 2.63277547e-02 1.54990194e-01 -1.73077540e-02 9.99820409e-01 -7.71952325e-03 -2.26355733e-01 -2.64581617e-02 7.25998866e-03 9.99623558e-01 1.01021291e+01
9.99368975e-01 1.71788529e-02 3.10892077e-02 1.76837395e-01 -1.69309564e-02 9.99822875e-01 -8.21960011e-03 -2.39200472e-01 -3.12249058e-02 7.68804211e-03 9.99482816e-01 1.06581524e+01
9.99147640e-01 1.76048858e-02 3.73371346e-02 2.03437106e-01 -1.73105980e-02 9.99816611e-01 -8.19070718e-03 -2.53594429e-01 -3.74744857e-02 7.53739641e-03 9.99269158e-01 1.12787740e+01
9.98913209e-01 1.73313370e-02 4.32669179e-02 2.33883478e-01 -1.70145894e-02 9.99825757e-01 -7.67843991e-03 -2.66032789e-01 -4.33924588e-02 6.93392506e-03 9.99034041e-01 1.18514225e+01
9.98619104e-01 1.73868890e-02 4.95739967e-02 2.70739027e-01 -1.69939878e-02 9.99820840e-01 -8.33615345e-03 -2.81076834e-01 -4.97100573e-02 7.48218096e-03 9.98735664e-01 1.24874812e+01
9.98324489e-01 1.56069272e-02 5.57192756e-02 3.10230997e-01 -1.51132792e-02 9.99842815e-01 -9.27004808e-03 -2.95189831e-01 -5.58551972e-02 8.41241366e-03 9.98403440e-01 1.30747776e+01
9.97999409e-01 1.45305104e-02 6.15308410e-02 3.52699599e-01 -1.39571972e-02 9.99855182e-01 -9.73713950e-03 -3.09351037e-01 -6.16634189e-02 8.85885992e-03 9.98057685e-01 1.36728314e+01
9.97543749e-01 1.65759496e-02 6.80566387e-02 4.00001401e-01 -1.58314769e-02 9.99808953e-01 -1.14639111e-02 -3.26389552e-01 -6.82336653e-02 1.03583141e-02 9.97615593e-01 1.43423267e+01
9.97026033e-01 2.05638364e-02 7.42712434e-02 4.43974297e-01 -1.95335161e-02 9.99703000e-01 -1.45723816e-02 -3.45653853e-01 -7.45488526e-02 1.30782632e-02 9.97131600e-01 1.49625376e+01
9.96582992e-01 1.83776181e-02 8.05270289e-02 5.06480133e-01 -1.72050886e-02 9.99735973e-01 -1.52305490e-02 -3.64935146e-01 -8.07856728e-02 1.37930291e-02 9.96636056e-01 1.56615360e+01
9.96329225e-01 1.10893126e-02 8.48828770e-02 5.76607923e-01 -1.00567869e-02 9.99870267e-01 -1.25821076e-02 -3.77080727e-01 -8.50113961e-02 1.16822706e-02 9.96311491e-01 1.63132981e+01
9.95978928e-01 5.06777660e-03 8.94443520e-02 6.48152335e-01 -4.22464369e-03 9.99944868e-01 -9.61315212e-03 -3.90637850e-01 -8.94881426e-02 9.19662483e-03 9.95945428e-01 1.69783317e+01
9.95527028e-01 5.77921146e-03 9.43002459e-02 7.18104668e-01 -5.31008224e-03 9.99972251e-01 -5.22503307e-03 -4.09953543e-01 -9.43278304e-02 4.70091862e-03 9.95530091e-01 1.77282050e+01
9.95310253e-01 4.20509472e-03 9.66427250e-02 7.83802968e-01 -3.85399959e-03 9.99985280e-01 -3.81930891e-03 -4.23579791e-01 -9.66573678e-02 3.42893551e-03 9.95311808e-01 1.84211556e+01
9.95313436e-01 2.35810790e-04 9.67011269e-02 8.63288875e-01 4.80070440e-04 9.99972654e-01 -7.37969721e-03 -4.35772953e-01 -9.67002275e-02 7.39153379e-03 9.95286105e-01 1.91962960e+01
9.95476748e-01 -5.69529760e-03 9.48346281e-02 9.38027620e-01 6.57431252e-03 9.99938255e-01 -8.95905126e-03 -4.47994804e-01 -9.47777528e-02 9.54199805e-03 9.95452725e-01 1.99166992e+01
9.95891182e-01 -8.49046458e-03 9.01591129e-02 1.00601839e+00 9.41214175e-03 9.99907657e-01 -9.80252391e-03 -4.61751234e-01 -9.00675638e-02 1.06108357e-02 9.95879131e-01 2.06547534e+01
9.96567351e-01 -8.24424595e-03 8.23744327e-02 1.06939870e+00 9.06434211e-03 9.99912963e-01 -9.58668194e-03 -4.78871074e-01 -8.22882322e-02 1.03004425e-02 9.96555341e-01 2.14858080e+01
9.97262387e-01 -8.08328851e-03 7.35009701e-02 1.11964844e+00 8.69324182e-03 9.99930352e-01 -7.98242618e-03 -4.93826377e-01 -7.34313303e-02 8.59953364e-03 9.97263199e-01 2.22589624e+01
9.97961846e-01 -8.32539170e-03 6.32680176e-02 1.16934451e+00 8.69359672e-03 9.99946827e-01 -5.54667730e-03 -5.09946167e-01 -6.32184783e-02 6.08539789e-03 9.97981158e-01 2.31254831e+01
9.98497291e-01 -7.23102724e-03 5.43219312e-02 1.20559575e+00 7.36185334e-03 9.99970462e-01 -2.20860384e-03 -5.26033780e-01 -5.43043589e-02 2.60519451e-03 9.98521031e-01 2.39251863e+01
9.98888828e-01 -6.81206974e-03 4.66337255e-02 1.23711039e+00 6.81215188e-03 9.99976785e-01 1.57191986e-04 -5.40828832e-01 -4.66337160e-02 1.60658541e-04 9.98912044e-01 2.47308462e+01
9.99219551e-01 -5.46069293e-03 3.91212108e-02 1.26659273e+00 5.41333798e-03 9.99984481e-01 1.31632060e-03 -5.55454030e-01 -3.91277937e-02 -1.10351690e-03 9.99233605e-01 2.56180419e+01
9.99425616e-01 -4.25875328e-03 3.36199442e-02 1.29004332e+00 4.19536776e-03 9.99989287e-01 1.95569733e-03 -5.69956685e-01 -3.36279145e-02 -1.81352582e-03 9.99432776e-01 2.64243896e+01
9.99588463e-01 -3.05111566e-03 2.85235986e-02 1.31127700e+00 2.99231897e-03 9.99993310e-01 2.10381206e-03 -5.85420276e-01 -2.85298282e-02 -2.01759436e-03 9.99590905e-01 2.72297592e+01
9.99726658e-01 -2.61006321e-03 2.32335285e-02 1.33491321e+00 2.56692046e-03 9.99994926e-01 1.88656793e-03 -6.01851950e-01 -2.32383359e-02 -1.82641344e-03 9.99728285e-01 2.81154398e+01
9.99824281e-01 -2.46132615e-03 1.85835555e-02 1.35169851e+00 2.42562654e-03 9.99995170e-01 1.94335296e-03 -6.16598395e-01 -1.85882499e-02 -1.89793449e-03 9.99825422e-01 2.89188441e+01
9.99901956e-01 -1.38439635e-03 1.39341885e-02 1.36569679e+00 1.34984493e-03 9.99995992e-01 2.48873253e-03 -6.32491172e-01 -1.39375787e-02 -2.46967922e-03 9.99899817e-01 2.98015200e+01
9.99944619e-01 -7.35395057e-05 1.05239226e-02 1.37350730e+00 3.78871428e-05 9.99994260e-01 3.38790430e-03 -6.47201710e-01 -1.05241118e-02 -3.38731750e-03 9.99938883e-01 3.06010031e+01
9.99967069e-01 1.91088871e-03 7.88725530e-03 1.38251304e+00 -1.94408232e-03 9.99989278e-01 4.20294631e-03 -6.60870477e-01 -7.87913978e-03 -4.21814080e-03 9.99960062e-01 3.13995030e+01
9.99973069e-01 3.75083944e-03 6.30820377e-03 1.38855284e+00 -3.78047788e-03 9.99981842e-01 4.69293679e-03 -6.76151966e-01 -6.29048711e-03 -4.71665778e-03 9.99969091e-01 3.22719355e+01
9.99975045e-01 4.43363612e-03 5.50018926e-03 1.39258845e+00 -4.45647185e-03 9.99981474e-01 4.14636678e-03 -6.91009532e-01 -5.48170417e-03 -4.17077417e-03 9.99976277e-01 3.30595963e+01
9.99967218e-01 6.54264019e-03 4.77039734e-03 1.39427545e+00 -6.55724602e-03 9.99973843e-01 3.05231075e-03 -7.07770205e-01 -4.75030264e-03 -3.08349093e-03 9.99983963e-01 3.39173049e+01
9.99954043e-01 8.50893730e-03 4.41701325e-03 1.39826621e+00 -8.52067346e-03 9.99960201e-01 2.64467837e-03 -7.20139880e-01 -4.39433430e-03 -2.68219239e-03 9.99986748e-01 3.46922780e+01
9.99939659e-01 1.03149983e-02 3.77868118e-03 1.40073962e+00 -1.03277821e-02 9.99940958e-01 3.37886335e-03 -7.33654301e-01 -3.74360532e-03 -3.41768439e-03 9.99987152e-01 3.54585035e+01
9.99921250e-01 1.21489545e-02 3.14584896e-03 1.40225906e+00 -1.21616693e-02 9.99917826e-01 4.05392548e-03 -7.50936511e-01 -3.09633968e-03 -4.09186444e-03 9.99986835e-01 3.62895469e+01
9.99905680e-01 1.34467193e-02 2.79569285e-03 1.40080166e+00 -1.34588155e-02 9.99899951e-01 4.35295630e-03 -7.67275051e-01 -2.73688033e-03 -4.39017184e-03 9.99986618e-01 3.70314282e+01
9.99877950e-01 1.54518702e-02 2.30738949e-03 1.39795965e+00 -1.54612098e-02 9.99872124e-01 4.08489953e-03 -7.85586664e-01 -2.24397523e-03 -4.12007543e-03 9.99988995e-01 3.78322385e+01
9.99846914e-01 1.73445365e-02 2.30553236e-03 1.39698271e+00 -1.73550972e-02 9.99838619e-01 4.64083984e-03 -8.01236365e-01 -2.22466722e-03 -4.68014149e-03 9.99986573e-01 3.85460864e+01
9.99791651e-01 2.02304261e-02 2.71758988e-03 1.39508703e+00 -2.02434191e-02 9.99783364e-01 4.84034713e-03 -8.18060984e-01 -2.61907904e-03 -4.89435128e-03 9.99984593e-01 3.92454144e+01
9.99709401e-01 2.37108583e-02 4.34850151e-03 1.39260242e+00 -2.37316501e-02 9.99706877e-01 4.79268039e-03 -8.36110142e-01 -4.23358854e-03 -4.89448409e-03 9.99979060e-01 3.99983863e+01
9.99644395e-01 2.57108604e-02 7.07356771e-03 1.39265960e+00 -2.57374824e-02 9.99661896e-01 3.69794072e-03 -8.52551701e-01 -6.97609926e-03 -3.87868102e-03 9.99968144e-01 4.06709882e+01
9.99563590e-01 2.73831405e-02 1.10812311e-02 1.39774926e+00 -2.74130714e-02 9.99620919e-01 2.55772353e-03 -8.71096682e-01 -1.10069925e-02 -2.86037754e-03 9.99935330e-01 4.13988523e+01
9.99492937e-01 2.75348149e-02 1.59907105e-02 1.40747960e+00 -2.75851536e-02 9.99615147e-01 2.93563354e-03 -8.86850677e-01 -1.59037251e-02 -3.37525078e-03 9.99867831e-01 4.20500837e+01
9.99374106e-01 2.83466133e-02 2.11628194e-02 1.41849574e+00 -2.84187209e-02 9.99591256e-01 3.11402577e-03 -9.01714760e-01 -2.10658982e-02 -3.71349654e-03 9.99771193e-01 4.26875452e+01
9.99199123e-01 2.88041045e-02 2.77747560e-02 1.43563092e+00 -2.89178480e-02 9.99574936e-01 3.70199000e-03 -9.18296915e-01 -2.76563189e-02 -4.50221079e-03 9.99607352e-01 4.33719709e+01
9.98989568e-01 2.84598362e-02 3.47833455e-02 1.45553418e+00 -2.86205885e-02 9.99581806e-01 4.13213071e-03 -9.33454753e-01 -3.46512013e-02 -5.12347469e-03 9.99386334e-01 4.39783750e+01
9.98626352e-01 2.84449414e-02 4.40033448e-02 1.48585830e+00 -2.86568798e-02 9.99580514e-01 4.19287938e-03 -9.48505788e-01 -4.38656220e-02 -5.44811778e-03 9.99022585e-01 4.46319045e+01
9.98121088e-01 2.91404179e-02 5.38992482e-02 1.51628729e+00 -2.93830194e-02 9.99561327e-01 3.71379617e-03 -9.62048724e-01 -5.37673852e-02 -5.29054036e-03 9.98539473e-01 4.52142009e+01
9.97421786e-01 2.91595972e-02 6.55705618e-02 1.55485978e+00 -2.94524433e-02 9.99560042e-01 3.50362573e-03 -9.75533952e-01 -6.54395525e-02 -5.42580533e-03 9.97841784e-01 4.57862841e+01
9.96494261e-01 2.78980193e-02 7.88726111e-02 1.60459532e+00 -2.82708525e-02 9.99593766e-01 3.61406297e-03 -9.91847489e-01 -7.87397492e-02 -5.83118839e-03 9.96878152e-01 4.64030106e+01
9.95456232e-01 2.68342925e-02 9.13608829e-02 1.65856563e+00 -2.72245601e-02 9.99624757e-01 3.02787811e-03 -1.00426662e+00 -9.12453540e-02 -5.50137949e-03 9.95813246e-01 4.69514205e+01
9.93899760e-01 2.69097161e-02 1.06953885e-01 1.72342626e+00 -2.73740479e-02 9.99621125e-01 2.87538529e-03 -1.01707496e+00 -1.06835993e-01 -5.78560504e-03 9.94259824e-01 4.75424885e+01
9.92078533e-01 2.66055875e-02 1.22769403e-01 1.79210266e+00 -2.72019224e-02 9.99624890e-01 3.18345152e-03 -1.02859580e+00 -1.22638659e-01 -6.49779714e-03 9.92430118e-01 4.80678192e+01
9.89781903e-01 2.96388305e-02 1.39475169e-01 1.86633558e+00 -3.03279254e-02 9.99536032e-01 2.81732456e-03 -1.04162457e+00 -1.39326961e-01 -7.01852881e-03 9.90221560e-01 4.85832946e+01
9.86543440e-01 2.77796691e-02 1.61122099e-01 1.96168147e+00 -2.83796665e-02 9.99596203e-01 1.42324664e-03 -1.05743262e+00 -1.61017509e-01 -5.97668571e-03 9.86933454e-01 4.91350796e+01
9.82570625e-01 3.13869173e-02 1.83220707e-01 2.05771415e+00 -3.20869724e-02 9.99484713e-01 8.56705742e-04 -1.07129278e+00 -1.83099415e-01 -6.72077128e-03 9.83071430e-01 4.96276537e+01
9.77285137e-01 3.00591773e-02 2.09786091e-01 2.18099559e+00 -3.03833989e-02 9.99536909e-01 -1.67799077e-03 -1.08694074e+00 -2.09739391e-01 -4.73413901e-03 9.77745866e-01 5.01512399e+01
9.71536874e-01 2.96508056e-02 2.35025381e-01 2.30800752e+00 -2.95973913e-02 9.99554846e-01 -3.75557477e-03 -1.09795246e+00 -2.35032126e-01 -3.30745906e-03 9.71981977e-01 5.06129570e+01
9.64020910e-01 2.74436736e-02 2.64405990e-01 2.46239289e+00 -2.63721342e-02 9.99623288e-01 -7.60214282e-03 -1.10914502e+00 -2.64515029e-01 3.55673539e-04 9.64381499e-01 5.11008052e+01
9.55936300e-01 2.53499669e-02 2.92477633e-01 2.61263537e+00 -2.40130252e-02 9.99678335e-01 -8.16095053e-03 -1.12354327e+00 -2.92590447e-01 7.78075099e-04 9.56237538e-01 5.15306848e+01
9.46508556e-01 2.66490612e-02 3.21576393e-01 2.76934341e+00 -2.42807209e-02 9.99640476e-01 -1.13738936e-02 -1.13529538e+00 -3.21763899e-01 2.95737960e-03 9.46815321e-01 5.19433881e+01
9.34575442e-01 2.76295920e-02 3.54690490e-01 2.95468011e+00 -2.52273711e-02 9.99616780e-01 -1.13962121e-02 -1.15179804e+00 -3.54869456e-01 1.70271008e-03 9.34914315e-01 5.23853998e+01
9.22428051e-01 2.66430380e-02 3.85248792e-01 3.13620307e+00 -2.48173519e-02 9.99644829e-01 -9.71154035e-03 -1.16941262e+00 -3.85370727e-01 -6.02658655e-04 9.22761641e-01 5.27712285e+01
9.07031459e-01 2.54769015e-02 4.20291389e-01 3.34872245e+00 -2.37987442e-02 9.99674092e-01 -9.23738683e-03 -1.18873028e+00 -4.20389774e-01 -1.62380782e-03 9.07342168e-01 5.31735389e+01
8.91090684e-01 2.47935281e-02 4.53147509e-01 3.55000297e+00 -2.31410609e-02 9.99689957e-01 -9.19140583e-03 -1.20586547e+00 -4.53234924e-01 -2.29593896e-03 8.91388155e-01 5.35195406e+01
8.71503384e-01 2.41683473e-02 4.89793560e-01 3.78510825e+00 -2.18127053e-02 9.99706751e-01 -1.05175308e-02 -1.22187831e+00 -4.89904144e-01 -1.51766007e-03 8.71774992e-01 5.38787881e+01
8.51813216e-01 2.31654776e-02 5.23333157e-01 4.00899235e+00 -1.95555044e-02 9.99731583e-01 -1.24234967e-02 -1.23575162e+00 -5.23480508e-01 3.48453338e-04 8.52037587e-01 5.41861321e+01
8.30242320e-01 2.19500548e-02 5.56970260e-01 4.24372006e+00 -1.69074453e-02 9.99756259e-01 -1.41972266e-02 -1.24898447e+00 -5.57146161e-01 2.37019226e-03 8.30411074e-01 5.44790559e+01
8.04509547e-01 1.90433582e-02 5.93634334e-01 4.51541702e+00 -1.27755114e-02 9.99809454e-01 -1.47594449e-02 -1.26317533e+00 -5.93802319e-01 4.29012984e-03 8.04599539e-01 5.47853668e+01
7.78814940e-01 1.52310633e-02 6.27068804e-01 4.77443444e+00 -8.97127368e-03 9.99873368e-01 -1.31439748e-02 -1.27550163e+00 -6.27189625e-01 4.61111568e-03 7.78852958e-01 5.50493156e+01
7.48522400e-01 1.02826841e-02 6.63029759e-01 5.07055835e+00 -5.76387325e-03 9.99942881e-01 -9.00066952e-03 -1.28861412e+00 -6.63084472e-01 2.91558105e-03 7.48538913e-01 5.53251892e+01
7.19044767e-01 6.30483497e-03 6.94935140e-01 5.34755604e+00 -3.57883075e-03 9.99979181e-01 -5.36937425e-03 -1.29874433e+00 -6.94954560e-01 1.37376315e-03 7.19052359e-01 5.55603319e+01
6.83354133e-01 3.57333798e-03 7.30078307e-01 5.65899231e+00 -4.05834114e-03 9.99991164e-01 -1.09580662e-03 -1.31012876e+00 -7.30075809e-01 -2.21408446e-03 6.83362596e-01 5.58026311e+01
6.48606045e-01 1.13792063e-04 7.61124272e-01 5.95132774e+00 -2.69191092e-03 9.99994077e-01 2.14445439e-03 -1.32049603e+00 -7.61119558e-01 -3.43978631e-03 6.48602509e-01 5.60024878e+01
6.12403082e-01 -3.86101572e-03 7.90536228e-01 6.25230573e+00 5.26864083e-04 9.99989845e-01 4.47585033e-03 -1.32936668e+00 -7.90545520e-01 -2.32452109e-03 6.12398896e-01 5.61823835e+01
5.69705494e-01 -6.66221649e-03 8.21821898e-01 6.59433928e+00 4.51732522e-03 9.99977422e-01 4.97494644e-03 -1.33586829e+00 -8.21836528e-01 8.78180260e-04 5.69722725e-01 5.63614483e+01
5.28263815e-01 -5.99896048e-03 8.49059079e-01 6.91579438e+00 6.62173203e-03 9.99973738e-01 2.94535472e-03 -1.34058347e+00 -8.49054492e-01 4.06631467e-03 5.28289664e-01 5.65140006e+01
4.80458924e-01 -3.53666003e-03 8.77010078e-01 7.28553251e+00 6.13745814e-03 9.99980941e-01 6.70225121e-04 -1.34601813e+00 -8.76995777e-01 5.06059413e-03 4.80471472e-01 5.66715278e+01
4.34726310e-01 -1.12758292e-03 9.00561894e-01 7.63669502e+00 3.04783869e-03 9.99995331e-01 -2.19197057e-04 -1.35122082e+00 -9.00557487e-01 2.84005553e-03 4.34727716e-01 5.68053893e+01
3.82980725e-01 1.40032485e-03 9.23755250e-01 8.04329751e+00 -1.72682306e-03 9.99998189e-01 -7.99979775e-04 -1.35722992e+00 -9.23754743e-01 -1.28878705e-03 3.82982448e-01 5.69398679e+01
3.35925527e-01 2.02941731e-03 9.41886340e-01 8.43202899e+00 -3.60201849e-03 9.99993134e-01 -8.69953003e-04 -1.36176727e+00 -9.41881686e-01 -3.10045436e-03 3.35930529e-01 5.70462926e+01
2.90048648e-01 1.50895979e-03 9.57010689e-01 8.84055660e+00 -1.80185958e-03 9.99997846e-01 -1.03063957e-03 -1.36586331e+00 -9.57010231e-01 -1.42546526e-03 2.90050740e-01 5.71319112e+01
2.42710603e-01 9.21349649e-04 9.70098277e-01 9.30860360e+00 2.58455756e-04 9.99999452e-01 -1.01441539e-03 -1.36997207e+00 -9.70098729e-01 4.96934595e-04 2.42710230e-01 5.72123815e+01
2.02788213e-01 -1.36947685e-03 9.79221639e-01 9.75491768e+00 3.98172592e-04 9.99999055e-01 1.31607336e-03 -1.37363380e+00 -9.79222564e-01 1.23012863e-04 2.02788565e-01 5.72763735e+01
1.62029823e-01 -3.77508501e-03 9.86778616e-01 1.02665845e+01 5.72600733e-04 9.99992874e-01 3.73161369e-03 -1.37595694e+00 -9.86785720e-01 -3.96046903e-05 1.62030828e-01 5.73353597e+01
1.26913940e-01 -5.62912100e-03 9.91897735e-01 1.07483941e+01 -2.76078084e-04 9.99983658e-01 5.71033080e-03 -1.38002556e+00 -9.91913718e-01 -9.98563791e-04 1.26910310e-01 5.73763811e+01
9.53141230e-02 -7.17840117e-03 9.95421338e-01 1.12508644e+01 4.44534718e-04 9.99974206e-01 7.16866561e-03 -1.38278938e+00 -9.95447171e-01 -2.40777800e-04 9.53148540e-02 5.74054393e+01
6.40334471e-02 -8.15867547e-03 9.97914377e-01 1.18256489e+01 1.14408505e-03 9.99966523e-01 8.10203762e-03 -1.38638821e+00 -9.97947122e-01 6.22895362e-04 6.40406362e-02 5.74240584e+01
3.82624099e-02 -6.12306693e-03 9.99248941e-01 1.23649608e+01 -1.20861172e-03 9.99980211e-01 6.17382387e-03 -1.38756269e+00 -9.99267020e-01 -1.44393121e-03 3.82542507e-02 5.74335246e+01
1.60132735e-02 -3.51899942e-03 9.99865562e-01 1.29216062e+01 -4.73801492e-03 9.99982312e-01 3.59528801e-03 -1.38919524e+00 -9.99860578e-01 -4.79495163e-03 1.59963156e-02 5.74370796e+01
-4.97485483e-03 -2.65117522e-03 9.99984086e-01 1.35584796e+01 -5.39123486e-03 9.99982024e-01 2.62434488e-03 -1.39333420e+00 -9.99973117e-01 -5.37809458e-03 -4.98906007e-03 5.74262295e+01
-2.16522844e-02 -2.27814780e-03 9.99762941e-01 1.41557161e+01 -1.80381138e-03 9.99995865e-01 2.23960873e-03 -1.39742843e+00 -9.99763960e-01 -1.75489287e-03 -2.16563058e-02 5.74011709e+01
-3.81727642e-02 -2.14692737e-03 9.99268823e-01 1.48356544e+01 1.08937480e-03 9.99997008e-01 2.19010275e-03 -1.40200795e+00 -9.99270586e-01 1.17217841e-03 -3.81703127e-02 5.73640821e+01
-5.28850509e-02 -3.44485217e-03 9.98594640e-01 1.54734403e+01 1.22306435e-04 9.99994020e-01 3.45615303e-03 -1.40651190e+00 -9.98600624e-01 3.04911381e-04 -5.28843148e-02 5.73287168e+01
-6.69507161e-02 -2.81526146e-03 9.97752287e-01 1.61272147e+01 7.34107513e-04 9.99995610e-01 2.87084697e-03 -1.41297855e+00 -9.97756038e-01 9.24660641e-04 -6.69483570e-02 5.72829550e+01
-7.99289336e-02 -9.47491564e-04 9.96800089e-01 1.68622673e+01 2.54489937e-03 9.99996095e-01 1.15458923e-03 -1.42016248e+00 -9.96797341e-01 2.62903871e-03 -7.99262118e-02 5.72194187e+01
-8.92333061e-02 1.28080831e-03 9.96009903e-01 1.75484243e+01 8.86385043e-03 9.99960594e-01 -4.91774065e-04 -1.42480192e+00 -9.95971334e-01 8.78459701e-03 -8.92411443e-02 5.71487949e+01
-9.52526154e-02 4.40282471e-03 9.95443371e-01 1.82486709e+01 1.70505001e-02 9.99850735e-01 -2.79078454e-03 -1.43118556e+00 -9.95307123e-01 1.67069735e-02 -9.53134695e-02 5.70680342e+01
-9.77269639e-02 4.59003048e-03 9.95202654e-01 1.90407092e+01 2.26655707e-02 9.99740258e-01 -2.38524894e-03 -1.44155373e+00 -9.94955156e-01 2.23237278e-02 -9.78056173e-02 5.69804594e+01
-9.76214373e-02 2.44417810e-03 9.95220594e-01 1.97801155e+01 2.30859894e-02 9.99733465e-01 -1.90755806e-04 -1.44945093e+00 -9.94955849e-01 2.29570250e-02 -9.76518456e-02 5.69084877e+01
-9.52084501e-02 2.17774247e-03 9.95454951e-01 2.05312163e+01 2.69219048e-02 9.99637465e-01 3.87998446e-04 -1.45627305e+00 -9.95093268e-01 2.68364785e-02 -9.52325643e-02 5.68346607e+01
-9.03339915e-02 5.03127713e-04 9.95911375e-01 2.13708716e+01 2.87154452e-02 9.99585422e-01 2.09964166e-03 -1.46796798e+00 -9.95497485e-01 2.87877015e-02 -9.03109901e-02 5.67568964e+01
-8.64268339e-02 1.19976722e-03 9.96257453e-01 2.21390086e+01 2.71219288e-02 9.99631473e-01 1.14903296e-03 -1.47814944e+00 -9.95888976e-01 2.71197252e-02 -8.64275248e-02 5.66943104e+01
-8.20307303e-02 2.57822442e-03 9.96626441e-01 2.29889687e+01 2.61502031e-02 9.99657931e-01 -4.33690206e-04 -1.48827157e+00 -9.96286694e-01 2.60264023e-02 -8.20700929e-02 5.66305115e+01
-7.77097327e-02 1.97198401e-03 9.96974051e-01 2.37652621e+01 3.06065090e-02 9.99531428e-01 4.08595220e-04 -1.49897088e+00 -9.96506141e-01 3.05456408e-02 -7.77336772e-02 5.65670715e+01
-7.41596240e-02 -2.18061603e-04 9.97246335e-01 2.45431522e+01 3.64446263e-02 9.99331383e-01 2.92869574e-03 -1.51036398e+00 -9.96580247e-01 3.65614538e-02 -7.41020940e-02 5.65021954e+01
-6.98226529e-02 -4.04267422e-03 9.97551204e-01 2.54035065e+01 3.91199737e-02 9.99211468e-01 6.78756422e-03 -1.51904570e+00 -9.96792092e-01 3.94980950e-02 -6.96094477e-02 5.64454512e+01
-6.50977667e-02 -7.83531661e-03 9.97848104e-01 2.61872864e+01 4.22124901e-02 9.99052439e-01 1.05986348e-02 -1.52531755e+00 -9.96985675e-01 4.28115926e-02 -6.47053359e-02 5.63967986e+01
-5.89571460e-02 -1.06966876e-02 9.98203179e-01 2.70462451e+01 4.32421233e-02 9.98976636e-01 1.32589942e-02 -1.53165380e+00 -9.97323530e-01 4.39461292e-02 -5.84342655e-02 5.63481616e+01
-5.46753348e-02 -1.24897192e-02 9.98426044e-01 2.78277745e+01 4.09150945e-02 9.99053924e-01 1.47381440e-02 -1.53582782e+00 -9.97665582e-01 4.16565010e-02 -5.41125913e-02 5.63141163e+01
-5.09513833e-02 -1.33033884e-02 9.98612501e-01 2.86085013e+01 3.49912757e-02 9.99273574e-01 1.50975237e-02 -1.53798256e+00 -9.98087981e-01 3.57119580e-02 -5.04488699e-02 5.62894967e+01
-4.63852869e-02 -1.71575593e-02 9.98776238e-01 2.94725387e+01 2.84088591e-02 9.99425399e-01 1.84880767e-02 -1.53801492e+00 -9.98519600e-01 2.92316620e-02 -4.58712088e-02 5.62631047e+01
-4.22968091e-02 -1.89420095e-02 9.98925488e-01 3.02582327e+01 2.53816538e-02 9.99477205e-01 2.00271875e-02 -1.53918627e+00 -9.98782660e-01 2.62014613e-02 -4.17939186e-02 5.62380442e+01
-3.82595756e-02 -1.61026749e-02 9.99138058e-01 3.10427372e+01 2.54872853e-02 9.99529141e-01 1.70849497e-02 -1.54412369e+00 -9.98942768e-01 2.61189740e-02 -3.78311488e-02 5.62116075e+01
-3.51519614e-02 -7.67289514e-03 9.99352499e-01 3.19020657e+01 2.68905163e-02 9.99601213e-01 8.62066835e-03 -1.54722789e+00 -9.99020165e-01 2.71761322e-02 -3.49316167e-02 5.61791672e+01
-3.29310075e-02 -1.28257803e-03 9.99456779e-01 3.26854152e+01 2.56056647e-02 9.99669860e-01 2.12652598e-03 -1.55018041e+00 -9.99129595e-01 2.56617782e-02 -3.28872959e-02 5.61521211e+01
-3.16641661e-02 -1.53290274e-03 9.99497364e-01 3.35549664e+01 2.44975451e-02 9.99697223e-01 2.30928960e-03 -1.55847329e+00 -9.99198329e-01 2.45583480e-02 -3.16170282e-02 5.61203976e+01
-3.06380073e-02 -5.95371125e-03 9.99512789e-01 3.43494065e+01 2.66486274e-02 9.99621929e-01 6.77121672e-03 -1.56790621e+00 -9.99175266e-01 2.68430947e-02 -3.04677674e-02 5.60878755e+01
-3.01439241e-02 -6.64722598e-03 9.99523441e-01 3.51432509e+01 2.81103414e-02 9.99576725e-01 7.49533699e-03 -1.57740566e+00 -9.99150240e-01 2.83228780e-02 -2.99443107e-02 5.60548915e+01
-3.01900388e-02 -3.97099578e-03 9.99536264e-01 3.60230393e+01 2.62286341e-02 9.99644620e-01 4.76363339e-03 -1.58699579e+00 -9.99200015e-01 2.63602795e-02 -3.00751577e-02 5.60296208e+01
-3.06023393e-02 -2.39778641e-03 9.99528738e-01 3.68291157e+01 1.94979440e-02 9.99805410e-01 2.99541019e-03 -1.59398489e+00 -9.99341472e-01 1.95804171e-02 -3.05496341e-02 5.60111256e+01
-3.19224001e-02 -3.35336808e-03 9.99484700e-01 3.77246221e+01 1.75600505e-02 9.99838144e-01 3.91539806e-03 -1.60163796e+00 -9.99336107e-01 1.76759862e-02 -3.18583496e-02 5.59846007e+01
-3.32082779e-02 -4.41861842e-03 9.99438661e-01 3.85449474e+01 1.79292619e-02 9.99826675e-01 5.01606451e-03 -1.61220578e+00 -9.99287647e-01 1.80857678e-02 -3.31233011e-02 5.59538985e+01
-3.48463233e-02 -1.66858096e-03 9.99391265e-01 3.93686056e+01 1.75827712e-02 9.99842806e-01 2.28239890e-03 -1.62252924e+00 -9.99238025e-01 1.76515966e-02 -3.48115090e-02 5.59238668e+01
-3.66786885e-02 3.42731692e-03 9.99321208e-01 4.02818152e+01 1.78220217e-02 9.99837324e-01 -2.77495943e-03 -1.63109493e+00 -9.99168204e-01 1.77081379e-02 -3.67338051e-02 5.58882339e+01
-3.76015306e-02 6.06469034e-03 9.99274384e-01 4.11227979e+01 1.92566599e-02 9.99800295e-01 -5.34328167e-03 -1.64214265e+00 -9.99107279e-01 1.90417667e-02 -3.77108087e-02 5.58521879e+01
-3.86303273e-02 7.30493635e-03 9.99226844e-01 4.19717193e+01 2.18507421e-02 9.99740348e-01 -6.46394130e-03 -1.65986411e+00 -9.99014661e-01 2.15841388e-02 -3.87799167e-02 5.58127264e+01
-3.99390314e-02 7.90455065e-03 9.99170827e-01 4.29165939e+01 2.19508392e-02 9.99734324e-01 -7.03159121e-03 -1.67849011e+00 -9.98961002e-01 2.16517982e-02 -4.01019337e-02 5.57704527e+01
-4.11900650e-02 8.79101087e-03 9.99112630e-01 4.37848999e+01 2.14506594e-02 9.99738599e-01 -7.91218548e-03 -1.69240852e+00 -9.98921067e-01 2.11057163e-02 -4.13678725e-02 5.57337643e+01
-4.28757433e-02 3.90617847e-03 9.99072751e-01 4.47565251e+01 1.93805101e-02 9.99807444e-01 -3.07733089e-03 -1.71002875e+00 -9.98892445e-01 1.92305920e-02 -4.29431927e-02 5.56939345e+01
-4.43742156e-02 1.19015528e-03 9.99014245e-01 4.56455910e+01 1.87062350e-02 9.99824958e-01 -3.60232066e-04 -1.72805049e+00 -9.98839855e-01 1.86718056e-02 -4.43887131e-02 5.56551009e+01
-4.57604056e-02 3.91889533e-03 9.98944732e-01 4.65359727e+01 1.91213420e-02 9.99812529e-01 -3.04637995e-03 -1.74564728e+00 -9.98769448e-01 1.89617556e-02 -4.58267630e-02 5.56117459e+01
-4.65322561e-02 8.87472948e-03 9.98877339e-01 4.75260221e+01 2.03275727e-02 9.99761879e-01 -7.93564307e-03 -1.76317307e+00 -9.98709962e-01 1.99354836e-02 -4.67015791e-02 5.55645734e+01
-4.65569501e-02 1.00904788e-02 9.98864647e-01 4.84378177e+01 2.30995764e-02 9.99692458e-01 -9.02217892e-03 -1.78241882e+00 -9.98648542e-01 2.26532998e-02 -4.67757193e-02 5.55177869e+01
-4.67115722e-02 6.63262604e-03 9.98886374e-01 4.94592926e+01 2.76952676e-02 9.99602137e-01 -5.34225227e-03 -1.80218927e+00 -9.98524437e-01 2.74148745e-02 -4.68766813e-02 5.54637598e+01
-4.72260846e-02 1.07214164e-03 9.98883626e-01 5.03976468e+01 2.95254781e-02 9.99563976e-01 3.23054686e-04 -1.81867481e+00 -9.98447792e-01 2.95077671e-02 -4.72371500e-02 5.54157108e+01
-4.68826326e-02 -3.01267007e-03 9.98895837e-01 5.13428761e+01 3.05773943e-02 9.99522498e-01 4.44968949e-03 -1.83649894e+00 -9.98432317e-01 3.07522387e-02 -4.67681280e-02 5.53703568e+01
-4.52974275e-02 -7.77738061e-04 9.98973217e-01 5.23856934e+01 2.98028073e-02 9.99553529e-01 2.12956367e-03 -1.85151402e+00 -9.98528911e-01 2.98686638e-02 -4.52540263e-02 5.53238267e+01
-4.43902409e-02 2.20654193e-03 9.99011806e-01 5.33404918e+01 2.97585612e-02 9.99556724e-01 -8.85453804e-04 -1.86281516e+00 -9.98570971e-01 2.96898422e-02 -4.44362289e-02 5.52825090e+01
-4.43067360e-02 3.23150740e-03 9.99012723e-01 5.44006987e+01 2.38636443e-02 9.99712856e-01 -2.17541186e-03 -1.88343199e+00 -9.98732942e-01 2.37436935e-02 -4.43711308e-02 5.52443362e+01
-4.50753274e-02 4.10932671e-03 9.98975114e-01 5.53713876e+01 2.05613038e-02 9.99783521e-01 -3.18489873e-03 -1.90161664e+00 -9.98771995e-01 2.03966656e-02 -4.51500642e-02 5.52072513e+01
-4.54990609e-02 -4.40048735e-04 9.98964260e-01 5.63548630e+01 2.06892912e-02 9.99784998e-01 1.38272529e-03 -1.91591917e+00 -9.98750138e-01 2.07307702e-02 -4.54801758e-02 5.51632361e+01
-4.66553074e-02 -7.36970685e-03 9.98883837e-01 5.74469926e+01 1.71710768e-02 9.99819116e-01 8.17862102e-03 -1.93247265e+00 -9.98763479e-01 1.75334827e-02 -4.65203240e-02 5.51156774e+01
-4.72082463e-02 -6.77190460e-03 9.98862089e-01 5.84417921e+01 2.00535546e-02 9.99769057e-01 7.72582172e-03 -1.94320397e+00 -9.98683777e-01 2.03954531e-02 -4.70615447e-02 5.50676220e+01
-4.73895138e-02 -3.29399577e-03 9.98871030e-01 5.94422967e+01 2.29697121e-02 9.99726538e-01 4.38656688e-03 -1.95322290e+00 -9.98612375e-01 2.31516519e-02 -4.73008940e-02 5.50168848e+01
-4.88490759e-02 -4.68638772e-04 9.98806036e-01 6.05564506e+01 2.54660753e-02 9.99674217e-01 1.71452311e-03 -1.96628525e+00 -9.98481495e-01 2.55194169e-02 -4.88212289e-02 5.49639627e+01
-5.11400044e-02 -2.70137135e-03 9.98687815e-01 6.15856111e+01 2.56840549e-02 9.99662031e-01 4.01921100e-03 -1.97737385e+00 -9.98361197e-01 2.58558895e-02 -5.10533400e-02 5.49169704e+01
-5.42510392e-02 -8.90014068e-03 9.98487638e-01 6.27229538e+01 2.70163725e-02 9.99581121e-01 1.03777707e-02 -1.98765466e+00 -9.98161806e-01 2.75385129e-02 -5.39878667e-02 5.48594569e+01
-5.74493059e-02 -1.24760570e-02 9.98270442e-01 6.37574140e+01 2.77124911e-02 9.99516678e-01 1.40864511e-02 -1.99435829e+00 -9.97963749e-01 2.84738116e-02 -5.70757984e-02 5.48060944e+01
-6.09794476e-02 -1.04773536e-02 9.98084006e-01 6.47877391e+01 3.23424292e-02 9.99399088e-01 1.24671652e-02 -1.99424182e+00 -9.97614918e-01 3.30406955e-02 -6.06039429e-02 5.47436493e+01
-6.49722253e-02 -1.23057558e-02 9.97811169e-01 6.59233352e+01 3.53890195e-02 9.99266550e-01 1.46280491e-02 -1.99742960e+00 -9.97259383e-01 3.62619687e-02 -6.44890844e-02 5.46708595e+01
-6.86337538e-02 -1.42138721e-02 9.97540638e-01 6.69545608e+01 3.91351654e-02 9.99090518e-01 1.69285692e-02 -2.00100096e+00 -9.96874062e-01 4.02007815e-02 -6.80150720e-02 5.46003737e+01
-7.18832825e-02 -1.38271043e-02 9.97317179e-01 6.80850579e+01 4.24454285e-02 9.98955688e-01 1.69091429e-02 -2.00250191e+00 -9.96509523e-01 4.35470315e-02 -7.12213181e-02 5.45185239e+01
-7.40700863e-02 -1.04336924e-02 9.97198431e-01 6.91106918e+01 4.66946732e-02 9.98812230e-01 1.39189699e-02 -2.00359312e+00 -9.96159264e-01 4.75948255e-02 -7.34949118e-02 5.44415399e+01
-7.59767979e-02 -6.23036580e-03 9.97090096e-01 7.01376841e+01 4.84006260e-02 9.98778652e-01 9.92896961e-03 -2.00668786e+00 -9.95934212e-01 4.90141472e-02 -7.55824518e-02 5.43653748e+01
-7.76653086e-02 -3.45090219e-03 9.96973491e-01 7.12690935e+01 5.21789818e-02 9.98609425e-01 7.52135954e-03 -2.01245407e+00 -9.95613129e-01 5.26052009e-02 -7.73772462e-02 5.42775855e+01
-7.70984492e-02 -3.38455066e-03 9.97017715e-01 7.23002793e+01 5.12721304e-02 9.98657636e-01 7.35493954e-03 -2.02148636e+00 -9.95704297e-01 5.16862675e-02 -7.68214236e-02 5.42020565e+01
-7.44637466e-02 -6.63441630e-03 9.97201627e-01 7.34377094e+01 5.19046896e-02 9.98596637e-01 1.05195575e-02 -2.02996704e+00 -9.95872032e-01 5.25427572e-02 -7.40148912e-02 5.41227466e+01
-6.99820695e-02 -9.96905972e-03 9.97498410e-01 7.44726274e+01 5.54764069e-02 9.98363660e-01 1.38697941e-02 -2.03422592e+00 -9.96004482e-01 5.63082546e-02 -6.93145090e-02 5.40499343e+01
-6.49111956e-02 -1.29825568e-02 9.97806564e-01 7.55082541e+01 5.54907730e-02 9.98321213e-01 1.65991407e-02 -2.03890685e+00 -9.96347008e-01 5.64465176e-02 -6.40818130e-02 5.39872323e+01
-5.97310625e-02 -1.66922922e-02 9.98074906e-01 7.66486538e+01 5.67574716e-02 9.98185828e-01 2.00908683e-02 -2.04072022e+00 -9.96599639e-01 5.78482469e-02 -5.86752894e-02 5.39219475e+01
-5.50125823e-02 -1.81564259e-02 9.98320545e-01 7.76848814e+01 5.79896750e-02 9.98088910e-01 2.13477398e-02 -2.04245741e+00 -9.96800313e-01 5.90666679e-02 -5.38545646e-02 5.38668954e+01
-5.13270427e-02 -1.43145581e-02 9.98579280e-01 7.87164780e+01 5.86833955e-02 9.98126307e-01 1.73243929e-02 -2.04486029e+00 -9.96956290e-01 5.94892222e-02 -5.03908464e-02 5.38166255e+01
-4.88603897e-02 -8.81258820e-03 9.98766715e-01 7.98514453e+01 5.77701157e-02 9.98262119e-01 1.16342886e-02 -2.04710204e+00 -9.97133555e-01 5.82673143e-02 -4.82663736e-02 5.37670124e+01
-4.76468179e-02 -8.85807105e-03 9.98824942e-01 8.08889582e+01 5.77979535e-02 9.98260788e-01 1.16101930e-02 -2.05183335e+00 -9.97190668e-01 5.82832160e-02 -4.70519733e-02 5.37207671e+01
-4.61852703e-02 -1.14559900e-02 9.98867174e-01 8.20341283e+01 5.78336321e-02 9.98226337e-01 1.41227287e-02 -2.06130845e+00 -9.97257360e-01 5.84203684e-02 -4.54408133e-02 5.36705889e+01
-4.44992753e-02 -9.08624056e-03 9.98968070e-01 8.30719965e+01 5.85896116e-02 9.98213714e-01 1.16892646e-02 -2.06867572e+00 -9.97289889e-01 5.90493046e-02 -4.38874291e-02 5.36264575e+01
-4.23048705e-02 -3.00472994e-03 9.99100205e-01 8.41074201e+01 5.90244648e-02 9.98241378e-01 5.50141428e-03 -2.07731787e+00 -9.97359745e-01 5.92040811e-02 -4.20531213e-02 5.35846945e+01
-3.99294146e-02 4.61853549e-04 9.99202371e-01 8.52447441e+01 5.79820089e-02 9.98315904e-01 1.85558756e-03 -2.09327524e+00 -9.97518811e-01 5.80098430e-02 -3.98889505e-02 5.35399939e+01
-3.76030422e-02 -5.24347510e-05 9.99292729e-01 8.62800784e+01 5.79879187e-02 9.98314785e-01 2.23444454e-03 -2.11400798e+00 -9.97608873e-01 5.80309172e-02 -3.75366340e-02 5.34987760e+01
-3.42535843e-02 -2.76356699e-03 9.99409328e-01 8.73198573e+01 5.66248418e-02 9.98384457e-01 4.70147920e-03 -2.13611366e+00 -9.97807782e-01 5.67524275e-02 -3.40417612e-02 5.34620965e+01
-2.95038090e-02 -7.55060519e-03 9.99536124e-01 8.84698907e+01 5.59403372e-02 9.98391789e-01 9.19317650e-03 -2.15119105e+00 -9.97998123e-01 5.61856115e-02 -2.90339789e-02 5.34284835e+01
-2.47654038e-02 -9.75101198e-03 9.99645709e-01 8.95090130e+01 5.47158424e-02 9.98440325e-01 1.10947914e-02 -2.16592704e+00 -9.98194821e-01 5.49712142e-02 -2.41932446e-02 5.33985545e+01
-2.10726572e-02 -6.48590015e-03 9.99756884e-01 9.06509710e+01 5.05328271e-02 9.98693907e-01 7.54412066e-03 -2.18239513e+00 -9.98500088e-01 5.06795072e-02 -2.07173851e-02 5.33789774e+01
-1.92325174e-02 2.63911147e-03 9.99811530e-01 9.16800701e+01 4.70609666e-02 9.98890519e-01 -1.73141352e-03 -2.20515820e+00 -9.98706877e-01 4.70187888e-02 -1.93353801e-02 5.33616137e+01
-1.81889037e-02 1.13495201e-02 9.99770125e-01 9.27134516e+01 4.19100295e-02 9.99065380e-01 -1.05790528e-02 -2.23119408e+00 -9.98955836e-01 4.17079661e-02 -1.86475643e-02 5.33488438e+01
-1.76618361e-02 1.13939669e-02 9.99779069e-01 9.38554563e+01 4.08424758e-02 9.99108680e-01 -1.06648202e-02 -2.26376436e+00 -9.99009510e-01 4.06450843e-02 -1.81114531e-02 5.33267685e+01
-1.70382981e-02 4.71614413e-03 9.99843690e-01 9.49027079e+01 4.02784303e-02 9.99180382e-01 -4.02663711e-03 -2.29302529e+00 -9.99043240e-01 4.02035196e-02 -1.72142937e-02 5.33067191e+01
-1.82162514e-02 -1.20177207e-03 9.99833323e-01 9.59480326e+01 4.09466236e-02 9.99159439e-01 1.94697633e-03 -2.31344313e+00 -9.98995291e-01 4.09752575e-02 -1.81517326e-02 5.32845489e+01
-2.05064861e-02 -6.72791987e-03 9.99767057e-01 9.70929171e+01 4.00234826e-02 9.99170254e-01 7.54483261e-03 -2.32895425e+00 -9.98988316e-01 4.01688697e-02 -2.02201978e-02 5.32589034e+01
-2.27130870e-02 -1.26469596e-02 9.99662003e-01 9.81347799e+01 3.84897172e-02 9.99167594e-01 1.35152182e-02 -2.34310412e+00 -9.99000855e-01 3.87836726e-02 -2.22074042e-02 5.32354198e+01
-2.48904569e-02 -1.16125918e-02 9.99622710e-01 9.92701763e+01 3.99203318e-02 9.99123410e-01 1.26007991e-02 -2.35386289e+00 -9.98892828e-01 4.02189022e-02 -2.44050613e-02 5.32020235e+01
-2.69154920e-02 -1.09243142e-02 9.99577994e-01 1.00301444e+02 3.92053606e-02 9.99159412e-01 1.19754139e-02 -2.36228208e+00 -9.98868633e-01 3.95111322e-02 -2.64645770e-02 5.31732436e+01
-2.88608517e-02 -1.25515348e-02 9.99504607e-01 1.01329312e+02 4.01137514e-02 9.99101130e-01 1.37047563e-02 -2.36671429e+00 -9.98778248e-01 4.04894025e-02 -2.83314220e-02 5.31408474e+01
-3.00343667e-02 -1.16069925e-02 9.99481448e-01 1.02457996e+02 4.06746498e-02 9.99090136e-01 1.28247167e-02 -2.37781538e+00 -9.98720962e-01 4.10387323e-02 -2.95349308e-02 5.31048428e+01
-3.05375229e-02 -3.47438356e-03 9.99527558e-01 1.03471354e+02 4.16445869e-02 9.99121219e-01 4.74529093e-03 -2.38813571e+00 -9.98665729e-01 4.17698137e-02 -3.03659995e-02 5.30706350e+01
-3.12755406e-02 5.53238289e-03 9.99495464e-01 1.04585076e+02 3.89519374e-02 9.99231782e-01 -4.31207061e-03 -2.40276652e+00 -9.98751539e-01 3.87974148e-02 -3.14670128e-02 5.30361546e+01
-3.24207250e-02 6.18903833e-03 9.99455123e-01 1.05600808e+02 3.63810327e-02 9.99325442e-01 -5.00809801e-03 -2.41856615e+00 -9.98811978e-01 3.61988361e-02 -3.26240206e-02 5.30021597e+01
-3.48831586e-02 -6.73868937e-05 9.99391370e-01 1.06619099e+02 3.16260284e-02 9.99499086e-01 1.17127746e-03 -2.43978206e+00 -9.98890890e-01 3.16476312e-02 -3.48635556e-02 5.29722733e+01
-3.78928437e-02 -7.88829204e-03 9.99250648e-01 1.07741042e+02 2.50884785e-02 9.99646124e-01 8.84279752e-03 -2.45718880e+00 -9.98966842e-01 2.54047515e-02 -3.76815307e-02 5.29388938e+01
-4.01179314e-02 -1.59089698e-02 9.99068269e-01 1.08757739e+02 2.23768783e-02 9.99608170e-01 1.68161163e-02 -2.46540750e+00 -9.98944381e-01 2.30306516e-02 -3.97462205e-02 5.29035113e+01
-4.21485200e-02 -2.28698672e-02 9.98849549e-01 1.09770366e+02 2.53183578e-02 9.99392489e-01 2.39506578e-02 -2.46844861e+00 -9.98790535e-01 2.62987094e-02 -4.15438884e-02 5.28564174e+01
-4.42598840e-02 -2.33811182e-02 9.98746382e-01 1.10873789e+02 2.50037338e-02 9.99386992e-01 2.45041656e-02 -2.46573008e+00 -9.98707127e-01 2.60569346e-02 -4.36481386e-02 5.28081173e+01
-4.54479762e-02 -1.73902029e-02 9.98815304e-01 1.11865050e+02 2.76570937e-02 9.99443298e-01 1.86595847e-02 -2.46917682e+00 -9.98583805e-01 2.84723628e-02 -4.49417143e-02 5.27588090e+01
-4.59241068e-02 -1.17222979e-03 9.98944219e-01 1.12939939e+02 3.72116157e-02 9.99303248e-01 2.88336323e-03 -2.47986854e+00 -9.98251633e-01 3.73047369e-02 -4.58484901e-02 5.26952755e+01
-4.69694397e-02 9.32530216e-03 9.98852772e-01 1.13916363e+02 4.17139817e-02 9.99102440e-01 -7.36610612e-03 -2.49226091e+00 -9.98024982e-01 4.13201365e-02 -4.73162789e-02 5.26406268e+01
