1.00000000e+00 6.20552764e-18 1.02527868e-16 1.66533454e-16 -3.14795521e-18 1.00000000e+00 -4.71493381e-18 1.11022302e-16 -2.95757272e-17 -2.59007346e-18 1.00000000e+00 0.00000000e+00
9.99920821e-01 -3.22993366e-03 1.21621818e-02 2.25268231e-02 3.21588766e-03 9.99994140e-01 1.17432151e-03 -8.87442260e-03 -1.21659041e-02 -1.13511619e-03 9.99925348e-01 3.05636291e-01
9.99810696e-01 -5.24319371e-03 1.87371389e-02 3.93407798e-02 5.21655268e-03 9.99985313e-01 1.47047678e-03 -1.52974916e-02 -1.87445746e-02 -1.37245500e-03 9.99823363e-01 5.88206063e-01
9.99750397e-01 -8.01613317e-03 2.08538884e-02 5.43401427e-02 8.01313196e-03 9.99967868e-01 2.27548166e-04 -2.00723571e-02 -2.08550434e-02 -6.03864595e-05 9.99782508e-01 8.76251218e-01
9.99775852e-01 -9.59839978e-03 1.88710498e-02 6.58060460e-02 9.63214164e-03 9.99952168e-01 -1.69784438e-03 -2.49940506e-02 -1.88538515e-02 1.87923211e-03 9.99820484e-01 1.20170181e+00
9.99849484e-01 -1.19080947e-02 1.26177407e-02 7.10099667e-02 1.19452543e-02 9.99924524e-01 -2.87358564e-03 -2.89423215e-02 -1.25825701e-02 3.02387478e-03 9.99916264e-01 1.50618493e+00
9.99899819e-01 -1.41099907e-02 1.12293038e-03 7.06528357e-02 1.41155196e-02 9.99887489e-01 -5.07565400e-03 -3.42139185e-02 -1.05118663e-03 5.09099554e-03 9.99986488e-01 1.81793007e+00
9.99782178e-01 -1.33039189e-02 -1.60811221e-02 5.76397250e-02 1.32207102e-02 9.99898716e-01 -5.26975613e-03 -4.37825331e-02 1.61496026e-02 5.05600374e-03 9.99856803e-01 2.17793734e+00
9.99366002e-01 -8.89304583e-03 -3.44747379e-02 3.56221559e-02 8.72471633e-03 9.99949287e-01 -5.03010922e-03 -5.40917312e-02 3.45177244e-02 4.72613727e-03 9.99392911e-01 2.51967803e+00
9.98564255e-01 -5.25603633e-03 -5.33085648e-02 5.28003647e-03 4.93197165e-03 9.99968563e-01 -6.20878737e-03 -6.28448458e-02 5.33395253e-02 5.93695613e-03 9.98558785e-01 2.86618906e+00
9.97208710e-01 -4.58036110e-03 -7.45238824e-02 -3.11188634e-02 4.08464384e-03 9.99968518e-01 -6.80285827e-03 -7.10749197e-02 7.45526995e-02 6.47946532e-03 9.97196025e-01 3.26016954e+00
9.95491813e-01 -5.96938382e-03 -9.46594772e-02 -6.99358135e-02 5.40090646e-03 9.99965817e-01 -6.26057558e-03 -7.74008013e-02 9.46936180e-02 5.72110424e-03 9.95490024e-01 3.62982211e+00
9.93450468e-01 -7.41611539e-03 -1.14022661e-01 -1.19030478e-01 6.84252998e-03 9.99961895e-01 -5.42102496e-03 -8.47830677e-02 1.14058525e-01 4.60531602e-03 9.93463359e-01 4.00699811e+00
9.91072523e-01 -6.27457431e-03 -1.33176132e-01 -1.93381323e-01 5.67486253e-03 9.99971979e-01 -4.88225214e-03 -9.49980344e-02 1.33203041e-01 4.08290956e-03 9.91080360e-01 4.42804073e+00
9.88921911e-01 -4.78977310e-03 -1.48359399e-01 -2.68505697e-01 4.27356769e-03 9.99983656e-01 -3.79801420e-03 -1.04184598e-01 1.48375174e-01 3.12191555e-03 9.88926217e-01 4.82210942e+00
9.86638338e-01 -3.83458685e-03 -1.62880585e-01 -3.57474607e-01 3.22703751e-03 9.99986815e-01 -3.99444912e-03 -1.14119315e-01 1.62893762e-01 3.41545492e-03 9.86637704e-01 5.26727243e+00
9.84616114e-01 -4.90261317e-03 -1.74662736e-01 -4.39513030e-01 4.16565237e-03 9.99980809e-01 -4.58570439e-03 -1.23057157e-01 1.74681875e-01 3.78757422e-03 9.84617641e-01 5.68446538e+00
9.82808291e-01 -8.48033081e-03 -1.84434122e-01 -5.22680139e-01 7.35851646e-03 9.99950035e-01 -6.76608971e-03 -1.31324739e-01 1.84482295e-01 5.29260738e-03 9.82821588e-01 6.11284155e+00
9.81207783e-01 -8.19683426e-03 -1.92779919e-01 -6.22868647e-01 6.58604207e-03 9.99937855e-01 -8.99497618e-03 -1.40087178e-01 1.92841679e-01 7.55628352e-03 9.81200791e-01 6.59822152e+00
9.79804907e-01 -7.25749272e-03 -1.99824100e-01 -7.23356058e-01 5.25358399e-03 9.99930475e-01 -1.05567958e-02 -1.49345821e-01 1.99886833e-01 9.29380691e-03 9.79774914e-01 7.05036093e+00
9.78024458e-01 -7.98144262e-03 -2.08337353e-01 -8.35809700e-01 5.31908336e-03 9.99896921e-01 -1.33361962e-02 -1.60733190e-01 2.08422330e-01 1.19349613e-02 9.77966099e-01 7.56291688e+00
9.76345284e-01 -1.15017854e-02 -2.15911075e-01 -9.40022306e-01 8.49741472e-03 9.99853803e-01 -1.48380314e-02 -1.72947576e-01 2.16050184e-01 1.26523549e-02 9.76300281e-01 8.04289276e+00
9.74562315e-01 -1.79438422e-02 -2.23397202e-01 -1.04600438e+00 1.46266593e-02 9.99756962e-01 -1.64948067e-02 -1.86454527e-01 2.23638899e-01 1.28076611e-02 9.74587918e-01 8.53634523e+00
9.72390681e-01 -1.87926020e-02 -2.32600944e-01 -1.17876569e+00 1.50701470e-02 9.99728513e-01 -1.77704920e-02 -2.01920120e-01 2.32871761e-01 1.37745292e-02 9.72409897e-01 9.08827921e+00
9.70465088e-01 -1.48795729e-02 -2.40782282e-01 -1.31292162e+00 9.76266567e-03 9.99700743e-01 -2.24302078e-02 -2.18887785e-01 2.41043990e-01 1.94170547e-02 9.70319935e-01 9.59855810e+00
9.68182037e-01 -1.18585960e-02 -2.49965826e-01 -1.46432504e+00 5.49966117e-03 9.99643624e-01 -2.61223664e-02 -2.44442411e-01 2.50186532e-01 2.39164759e-02 9.67902219e-01 1.01707042e+01
9.66047586e-01 -1.38424854e-02 -2.57993106e-01 -1.59835149e+00 6.96189611e-03 9.99595792e-01 -2.75641848e-02 -2.73528274e-01 2.58270393e-01 2.48321903e-02 9.65753473e-01 1.07005497e+01
9.63743699e-01 -1.70702353e-02 -2.66283092e-01 -1.73723295e+00 9.46339218e-03 9.99510370e-01 -2.98238825e-02 -3.00568063e-01 2.66661826e-01 2.62226347e-02 9.63433364e-01 1.12403023e+01
9.61402128e-01 -1.66183630e-02 -2.74644814e-01 -1.90331890e+00 7.99792042e-03 9.99440458e-01 -3.24777643e-02 -3.28346693e-01 2.75030879e-01 2.90276012e-02 9.60997096e-01 1.18412616e+01
9.59224458e-01 -1.55004611e-02 -2.82220073e-01 -2.06679039e+00 5.66398638e-03 9.99348768e-01 -3.56364979e-02 -3.55955218e-01 2.82588679e-01 3.25849060e-02 9.58687575e-01 1.24000990e+01
9.56777670e-01 -1.65095748e-02 -2.90351373e-01 -2.25122760e+00 4.79274817e-03 9.99146875e-01 -4.10189154e-02 -3.87248761e-01 2.90780887e-01 3.78543968e-02 9.56040546e-01 1.30249611e+01
9.55051365e-01 -1.79900421e-02 -2.95893974e-01 -2.42715261e+00 3.92172741e-03 9.98836265e-01 -4.80701181e-02 -4.14713687e-01 2.96414430e-01 4.47490110e-02 9.54010491e-01 1.36023905e+01
9.53811729e-01 -1.85096444e-02 -2.99834243e-01 -2.60917026e+00 1.79411271e-03 9.98433142e-01 -5.59289005e-02 -4.40315760e-01 3.00399685e-01 5.28076983e-02 9.52350451e-01 1.41910963e+01
9.52499263e-01 -1.86044115e-02 -3.03972079e-01 -2.81940166e+00 -1.22173599e-03 9.97890792e-01 -6.49035805e-02 -4.78630187e-01 3.04538447e-01 6.21919783e-02 9.50467515e-01 1.48530922e+01
9.51254914e-01 -1.80229031e-02 -3.07878642e-01 -3.01629619e+00 -4.92002861e-03 9.97277105e-01 -7.35810458e-02 -5.17590065e-01 3.08366480e-01 7.15090939e-02 9.48576074e-01 1.54630135e+01
9.49833447e-01 -1.76127373e-02 -3.12259842e-01 -3.24172462e+00 -8.15696506e-03 9.96678394e-01 -8.10286557e-02 -5.71956059e-01 3.12649790e-01 7.95108096e-02 9.46534809e-01 1.61486513e+01
9.48292964e-01 -1.54370137e-02 -3.17020737e-01 -3.46108186e+00 -1.28513935e-02 9.96129999e-01 -8.69474991e-02 -6.28595213e-01 3.17136092e-01 8.65258486e-02 9.44424683e-01 1.67771318e+01
9.46704143e-01 -1.45613475e-02 -3.21775120e-01 -3.68959981e+00 -1.62453261e-02 9.95547799e-01 -9.28475652e-02 -6.93568172e-01 3.21694514e-01 9.31265041e-02 9.42252672e-01 1.74150672e+01
9.44932604e-01 -1.22146143e-02 -3.27036958e-01 -3.95128615e+00 -2.11654843e-02 9.94930239e-01 -9.83150235e-02 -7.69942812e-01 3.26579855e-01 9.98229535e-02 9.39883493e-01 1.81265650e+01
9.43277014e-01 -9.67247538e-03 -3.31865803e-01 -4.19632715e+00 -2.55230384e-02 9.94504933e-01 -1.01530859e-01 -8.42272335e-01 3.31024250e-01 1.04241936e-01 9.37846773e-01 1.87867093e+01
9.41391355e-01 -8.09420131e-03 -3.37219207e-01 -4.47197067e+00 -2.82423821e-02 9.94310480e-01 -1.02708513e-01 -9.26085893e-01 3.36131952e-01 1.06212766e-01 9.35806691e-01 1.95243824e+01
9.39255580e-01 -7.97119840e-03 -3.43125938e-01 -4.72577891e+00 -2.88244758e-02 9.94366411e-01 -1.02002902e-01 -1.00679930e+00 3.42006010e-01 1.05697206e-01 9.33734435e-01 2.02073275e+01
9.37026351e-01 -7.54154635e-03 -3.49177228e-01 -4.98714132e+00 -2.94272909e-02 9.94506999e-01 -1.00448324e-01 -1.08753622e+00 3.48016750e-01 1.04398053e-01 9.31657337e-01 2.08978319e+01
9.34314801e-01 -7.54552361e-03 -3.56369065e-01 -5.28423023e+00 -2.94719356e-02 9.94717367e-01 -9.83298839e-02 -1.17557639e+00 3.55228467e-01 1.02373939e-01 9.29156778e-01 2.16652516e+01
9.30289481e-01 -6.48280990e-03 -3.66768930e-01 -5.65506426e+00 -3.01845841e-02 9.95100292e-01 -9.41504142e-02 -1.28417938e+00 3.65582248e-01 9.86578946e-02 9.25535654e-01 2.25889317e+01
9.27717618e-01 -5.02287041e-03 -3.73248958e-01 -5.89920810e+00 -3.07157843e-02 9.95491368e-01 -8.97411688e-02 -1.35504775e+00 3.72016893e-01 9.47190855e-02 9.23380600e-01 2.31620169e+01
9.24345994e-01 -1.55344553e-03 -3.81552176e-01 -6.21089985e+00 -3.31309323e-02 9.95888002e-01 -8.43174360e-02 -1.43887537e+00 3.80114236e-01 9.05796517e-02 9.20493618e-01 2.38821779e+01
9.20827709e-01 2.17569827e-03 -3.89963573e-01 -6.53612519e+00 -3.63909013e-02 9.96100340e-01 -8.03729805e-02 -1.52338278e+00 3.88267999e-01 8.82007820e-02 9.17315970e-01 2.46049961e+01
9.16777072e-01 3.45606855e-03 -3.99384336e-01 -6.89695952e+00 -3.79313467e-02 9.96196178e-01 -7.84499082e-02 -1.60860927e+00 3.97594041e-01 8.70702517e-02 9.13420909e-01 2.54051872e+01
9.12897119e-01 3.20915613e-03 -4.08177096e-01 -7.23584911e+00 -3.82374414e-02 9.96244321e-01 -7.76862415e-02 -1.68453230e+00 4.06394827e-01 8.65271828e-02 9.09591281e-01 2.61384759e+01
9.08759461e-01 3.29855230e-03 -4.17307264e-01 -7.61790099e+00 -3.87743622e-02 9.96310543e-01 -7.65627313e-02 -1.76526234e+00 4.15515102e-01 8.57579186e-02 9.05534531e-01 2.69515158e+01
9.04929964e-01 4.57811319e-03 -4.25535888e-01 -7.97943687e+00 -4.01711509e-02 9.96396086e-01 -7.47068874e-02 -1.84019651e+00 4.23660299e-01 8.46987566e-02 9.01852583e-01 2.76966254e+01
9.01302297e-01 3.52101707e-03 -4.33176363e-01 -8.34589835e+00 -3.88008131e-02 9.96603823e-01 -7.26313888e-02 -1.91354229e+00 4.31449505e-01 8.22704223e-02 8.98377934e-01 2.84498727e+01
8.97169188e-01 4.03632005e-03 -4.41668593e-01 -8.76316130e+00 -3.81739749e-02 9.96925125e-01 -6.84327651e-02 -1.99209929e+00 4.40034323e-01 7.82560044e-02 8.94564588e-01 2.92870746e+01
8.93560085e-01 6.25713288e-03 -4.48900001e-01 -9.15519046e+00 -3.86108248e-02 9.97269131e-01 -6.29562127e-02 -2.05949084e+00 4.47280212e-01 7.35875491e-02 8.91361484e-01 3.00557568e+01
8.89513580e-01 6.46340324e-03 -4.56863003e-01 -9.59633673e+00 -3.72306800e-02 9.97600249e-01 -5.83748304e-02 -2.13323086e+00 4.55389369e-01 6.89345164e-02 8.87619606e-01 3.09079724e+01
8.85861669e-01 5.80896913e-03 -4.63913082e-01 -1.00069280e+01 -3.60924442e-02 9.97754172e-01 -5.64264911e-02 -2.19716616e+00 4.62543457e-01 6.67298146e-02 8.84081836e-01 3.16887494e+01
8.82715808e-01 4.72094220e-03 -4.69883499e-01 -1.04274289e+01 -3.49433036e-02 9.97840437e-01 -5.56185892e-02 -2.25671297e+00 4.68606208e-01 6.55146819e-02 8.80974494e-01 3.24754748e+01
8.79329838e-01 5.33803604e-03 -4.76183295e-01 -1.09051097e+01 -3.51369346e-02 9.97938856e-01 -5.36976402e-02 -2.32157767e+00 4.74915196e-01 6.39495510e-02 8.77704975e-01 3.33498019e+01
8.76484483e-01 4.42032490e-03 -4.81409805e-01 -1.13471753e+01 -3.36208504e-02 9.98078487e-01 -5.20477984e-02 -2.38092843e+00 4.80254726e-01 6.18044874e-02 8.74948922e-01 3.41543041e+01
8.73898806e-01 3.16813782e-03 -4.86097549e-01 -1.17991146e+01 -3.24465760e-02 9.98128858e-01 -5.18266602e-02 -2.44129401e+00 4.85023822e-01 6.10634504e-02 8.72366413e-01 3.49658796e+01
8.71645167e-01 2.14100742e-03 -4.90132743e-01 -1.23058614e+01 -3.19407788e-02 9.98112976e-01 -5.24430513e-02 -2.50662563e+00 4.89095595e-01 6.13669466e-02 8.70068738e-01 3.58660731e+01
8.70273849e-01 2.28553696e-03 -4.92562881e-01 -1.27749942e+01 -3.26248048e-02 9.98060831e-01 -5.30113189e-02 -2.56935192e+00 4.91486583e-01 6.22041251e-02 8.68660807e-01 3.67059831e+01
8.69816808e-01 2.50941321e-03 -4.93368433e-01 -1.32970976e+01 -3.22499912e-02 9.98137627e-01 -5.17804571e-02 -2.64022171e+00 4.92319683e-01 6.09506325e-02 8.68277814e-01 3.76481597e+01
8.69706707e-01 2.94785728e-03 -4.93560068e-01 -1.37777409e+01 -3.19138855e-02 9.98225455e-01 -5.02737032e-02 -2.70731819e+00 4.92536049e-01 5.94747896e-02 8.68257452e-01 3.85205774e+01
8.69510448e-01 1.91537649e-03 -4.93910822e-01 -1.42638870e+01 -3.04040869e-02 9.98303608e-01 -4.96537864e-02 -2.77272706e+00 4.92977875e-01 5.81913870e-02 8.68093653e-01 3.93979972e+01
8.68822179e-01 -6.55337235e-05 -4.95124231e-01 -1.48129610e+01 -2.84896613e-02 9.98336552e-01 -5.01245378e-02 -2.84329702e+00 4.94303927e-01 5.76552253e-02 8.67375072e-01 4.03682966e+01
8.67792924e-01 -2.60049561e-03 -4.96919174e-01 -1.53189038e+01 -2.61096947e-02 9.98366408e-01 -5.08212532e-02 -2.90806311e+00 4.96239596e-01 5.70767253e-02 8.66307407e-01 4.12545717e+01
8.66096279e-01 -3.14189250e-03 -4.99867333e-01 -1.58829155e+01 -2.46189037e-02 9.98498657e-01 -4.89320149e-02 -2.97944766e+00 4.99270625e-01 5.46860157e-02 8.64718622e-01 4.22339509e+01
8.64088939e-01 -2.16758094e-03 -5.03334474e-01 -1.64009729e+01 -2.35985163e-02 9.98716621e-01 -4.48131741e-02 -3.04400342e+00 5.02785667e-01 5.06005094e-02 8.62928835e-01 4.31239693e+01
8.61409331e-01 -2.54932915e-03 -5.07904964e-01 -1.69211526e+01 -2.11148630e-02 9.98943186e-01 -4.08249103e-02 -3.10701482e+00 5.07472304e-01 4.58912976e-02 8.60445154e-01 4.40120199e+01
8.57242763e-01 -2.45383294e-03 -5.14906604e-01 -1.75015850e+01 -2.01971341e-02 9.99058840e-01 -3.83863209e-02 -3.17500053e+00 5.14516214e-01 4.33060291e-02 8.56386401e-01 4.49818961e+01
8.52210209e-01 -5.80220310e-03 -5.23167353e-01 -1.80347002e+01 -1.81402257e-02 9.99009620e-01 -4.06289542e-02 -3.23525247e+00 5.22884982e-01 4.41147789e-02 8.51260945e-01 4.58550539e+01
8.45778950e-01 -9.87395231e-03 -5.33442085e-01 -1.86392212e+01 -1.61267697e-02 9.98898773e-01 -4.40586948e-02 -3.30134273e+00 5.33289704e-01 4.58666095e-02 8.44688321e-01 4.68131137e+01
8.39795817e-01 -1.03172402e-02 -5.42804316e-01 -1.92140582e+01 -1.59968337e-02 9.98915041e-01 -4.37360585e-02 -3.35748773e+00 5.42666658e-01 4.54125047e-02 8.38719630e-01 4.76817469e+01
8.34140004e-01 -7.04973058e-03 -5.51507697e-01 -1.98022607e+01 -1.71685787e-02 9.99101894e-01 -3.87381680e-02 -3.40922656e+00 5.51285506e-01 4.17816548e-02 8.33269824e-01 4.85380339e+01
8.28623330e-01 -1.63042262e-03 -5.59804164e-01 -2.04513787e+01 -2.05205066e-02 9.99235225e-01 -3.32847572e-02 -3.46756689e+00 5.59430335e-01 3.90679877e-02 8.27956163e-01 4.94745640e+01
8.24554189e-01 -1.45390848e-03 -5.65781104e-01 -2.10496341e+01 -2.17983407e-02 9.99172596e-01 -3.43359257e-02 -3.51738113e+00 5.65362925e-01 4.06449168e-02 8.23840258e-01 5.03037951e+01
8.21073481e-01 -4.26164207e-03 -5.70806587e-01 -2.16441667e+01 -2.20941414e-02 9.98985536e-01 -3.92396175e-02 -3.57270316e+00 5.70394779e-01 4.48300863e-02 8.20146375e-01 5.11330514e+01
8.17972759e-01 -6.45463104e-03 -5.75220728e-01 -2.23046745e+01 -2.49318516e-02 9.98599695e-01 -4.66589027e-02 -3.63663965e+00 5.74716438e-01 5.25070237e-02 8.16666422e-01 5.20377307e+01
8.14716652e-01 -6.97651515e-03 -5.79817288e-01 -2.29076215e+01 -2.48912889e-02 9.98585151e-01 -4.69906513e-02 -3.69587877e+00 5.79324794e-01 5.27164602e-02 8.13390297e-01 5.28676172e+01
8.11048918e-01 -6.05683805e-03 -5.84946963e-01 -2.35803580e+01 -2.43244843e-02 9.98732357e-01 -4.40681094e-02 -3.76452901e+00 5.84472402e-01 4.99699205e-02 8.09873469e-01 5.37793175e+01
8.07926055e-01 -2.81884966e-03 -5.89277122e-01 -2.41975483e+01 -2.43541700e-02 9.98974462e-01 -3.81693534e-02 -3.82316495e+00 5.88780419e-01 4.51893659e-02 8.07028845e-01 5.46099048e+01
8.04943311e-01 -1.11363215e-03 -5.93350662e-01 -2.48177547e+01 -2.44878724e-02 9.99083904e-01 -3.50955372e-02 -3.87460122e+00 5.92846209e-01 4.27798092e-02 8.04178636e-01 5.54379944e+01
8.01626858e-01 -7.81157398e-04 -5.97824181e-01 -2.55047081e+01 -2.55417039e-02 9.99041291e-01 -3.55544726e-02 -3.92314841e+00 5.97278845e-01 4.37708641e-02 8.00838380e-01 5.63448067e+01
7.98227915e-01 -1.90739422e-03 -6.02352504e-01 -2.61321102e+01 -2.56675611e-02 9.98978981e-01 -3.71775822e-02 -3.97134674e+00 6.01808433e-01 4.51370993e-02 7.97363951e-01 5.71679022e+01
7.94339276e-01 -4.45532576e-03 -6.07458020e-01 -2.67682572e+01 -2.46950190e-02 9.98909663e-01 -3.96186902e-02 -4.01720039e+00 6.06972231e-01 4.64718645e-02 7.93363155e-01 5.79821610e+01
7.89704747e-01 -5.91429342e-03 -6.13458567e-01 -2.74769158e+01 -2.37759973e-02 9.98907238e-01 -4.02371890e-02 -4.07122446e+00 6.13026208e-01 4.63610839e-02 7.88701171e-01 5.88761376e+01
7.85337264e-01 -5.73975137e-03 -6.19041531e-01 -2.81334798e+01 -2.35098418e-02 9.98959177e-01 -3.90877362e-02 -4.12490599e+00 6.18621603e-01 4.52506199e-02 7.84384927e-01 5.96823580e+01
7.80047645e-01 -5.30923147e-03 -6.25697581e-01 -2.88612934e+01 -2.38848621e-02 9.98982572e-01 -3.82535600e-02 -4.18988259e+00 6.25264107e-01 4.47842956e-02 7.79127193e-01 6.05691565e+01
7.74850712e-01 -6.55814007e-03 -6.32110231e-01 -2.95317317e+01 -2.36340005e-02 9.98946541e-01 -3.93349961e-02 -4.24862332e+00 6.31702325e-01 4.54180390e-02 7.73879444e-01 6.13684374e+01
7.69532618e-01 -8.10034428e-03 -6.38556116e-01 -3.02080926e+01 -2.29670630e-02 9.98921629e-01 -4.03496464e-02 -4.30644766e+00 6.38194394e-01 4.57161232e-02 7.68516736e-01 6.21680525e+01
7.63518603e-01 -9.18776639e-03 -6.45720456e-01 -3.09636612e+01 -2.26824084e-02 9.98900280e-01 -4.10333966e-02 -4.37087471e+00 6.45387381e-01 4.59762524e-02 7.62470546e-01 6.30432928e+01
7.57988686e-01 -1.05140496e-02 -6.52182938e-01 -3.16586671e+01 -2.22222590e-02 9.98873363e-01 -4.19306057e-02 -4.43126261e+00 6.51889058e-01 4.62758986e-02 7.56901063e-01 6.38373123e+01
7.51475772e-01 -1.25869932e-02 -6.59640591e-01 -3.24336777e+01 -2.13596399e-02 9.98829740e-01 -4.33925933e-02 -4.49802900e+00 6.59414855e-01 4.66981637e-02 7.50327497e-01 6.47065561e+01
7.45456886e-01 -1.32478516e-02 -6.66422166e-01 -3.31484446e+01 -2.06016339e-02 9.98866878e-01 -4.29014407e-02 -4.55850008e+00 6.66235413e-01 4.57105557e-02 7.44339265e-01 6.54956595e+01
7.39296242e-01 -1.35675528e-02 -6.73243614e-01 -3.38727887e+01 -1.96372700e-02 9.98937388e-01 -4.16950065e-02 -4.62051969e+00 6.73093950e-01 4.40456244e-02 7.38244228e-01 6.62819630e+01
7.32418273e-01 -1.35966797e-02 -6.80719164e-01 -3.46906473e+01 -1.91875106e-02 9.98991288e-01 -4.05986060e-02 -4.69368945e+00 6.80584554e-01 4.27964634e-02 7.31418588e-01 6.71306737e+01
7.26180858e-01 -1.54659940e-02 -6.87329717e-01 -3.54417049e+01 -1.78354614e-02 9.98986666e-01 -4.13223715e-02 -4.75991774e+00 6.87272348e-01 4.22663542e-02 7.25169152e-01 6.78989292e+01
7.19817922e-01 -1.71381573e-02 -6.93951308e-01 -3.62101143e+01 -1.76657843e-02 9.98919132e-01 -4.29940583e-02 -4.83283422e+00 6.93938112e-01 4.32070841e-02 7.18737135e-01 6.86610356e+01
7.13352554e-01 -1.64533245e-02 -7.00612158e-01 -3.70641086e+01 -1.91741264e-02 9.98891880e-01 -4.29809924e-02 -4.90862199e+00 7.00543011e-01 4.40942230e-02 7.12246597e-01 6.95010649e+01
7.08044609e-01 -1.56265983e-02 -7.05994770e-01 -3.78538196e+01 -1.96707707e-02 9.98930734e-01 -4.18383748e-02 -4.98093856e+00 7.05893701e-01 4.35108933e-02 7.06980135e-01 7.02605039e+01
7.02714851e-01 -1.51174218e-02 -7.11310956e-01 -3.87205403e+01 -2.08396919e-02 9.98907904e-01 -4.18175400e-02 -5.06216370e+00 7.11166345e-01 4.42093037e-02 7.01632377e-01 7.10984977e+01
6.97948410e-01 -1.61458937e-02 -7.15965991e-01 -3.95166403e+01 -2.07633987e-02 9.98869311e-01 -4.27665847e-02 -5.13873493e+00 7.15846997e-01 4.47147533e-02 6.96824005e-01 7.18562535e+01
6.92881691e-01 -1.77715764e-02 -7.20832232e-01 -4.03193664e+01 -2.14426553e-02 9.98746238e-01 -4.52345477e-02 -5.21284432e+00 7.20732405e-01 4.67987429e-02 6.91631914e-01 7.26126288e+01
6.87464082e-01 -2.03662192e-02 -7.25932728e-01 -4.12108723e+01 -2.11062788e-02 9.98624102e-01 -4.80044591e-02 -5.29564009e+00 7.25911625e-01 4.83230756e-02 6.86088347e-01 7.34416781e+01
6.82536535e-01 -2.11768643e-02 -7.30544585e-01 -4.20336344e+01 -2.15055682e-02 9.98565338e-01 -4.90385139e-02 -5.36997662e+00 7.30535019e-01 4.91813493e-02 6.81101907e-01 7.41920914e+01
6.77723041e-01 -2.03308514e-02 -7.35036127e-01 -4.28696733e+01 -2.14070860e-02 9.98648461e-01 -4.73601903e-02 -5.44147000e+00 7.35005607e-01 4.78320696e-02 6.76371849e-01 7.49375409e+01
6.72237803e-01 -2.01031755e-02 -7.40062274e-01 -4.37914067e+01 -2.09309350e-02 9.98715583e-01 -4.61419580e-02 -5.52939338e+00 7.40039363e-01 4.65085598e-02 6.70953593e-01 7.57622525e+01
6.67296246e-01 -2.12592794e-02 -7.44488908e-01 -4.46336827e+01 -1.99095004e-02 9.98726169e-01 -4.63643384e-02 -5.60195176e+00 7.44526265e-01 4.57611473e-02 6.66022963e-01 7.65081988e+01
6.62102723e-01 -2.22471321e-02 -7.49082786e-01 -4.55693637e+01 -1.90404776e-02 9.98737215e-01 -4.64912474e-02 -5.68144224e+00 7.49171190e-01 4.50448718e-02 6.60843035e-01 7.73248164e+01
6.57767571e-01 -2.32745415e-02 -7.52861268e-01 -4.64281681e+01 -1.79655560e-02 9.98753340e-01 -4.65725761e-02 -5.75320709e+00 7.53006699e-01 4.41594979e-02 6.56529420e-01 7.80679917e+01
6.54021078e-01 -2.37944019e-02 -7.56101995e-01 -4.72963946e+01 -1.71421397e-02 9.98782371e-01 -4.62593044e-02 -5.82356775e+00 7.56282093e-01 4.32157627e-02 6.52816837e-01 7.88131371e+01
6.49785867e-01 -2.61155355e-02 -7.59668530e-01 -4.82567350e+01 -1.44080618e-02 9.98806890e-01 -4.66605280e-02 -5.90183242e+00 7.59980765e-01 4.12646997e-02 6.48634328e-01 7.96315378e+01
6.45634332e-01 -3.06853255e-02 -7.63029941e-01 -4.91372351e+01 -1.11484325e-02 9.98707124e-01 -4.95963076e-02 -5.97912269e+00 7.63565354e-01 4.05276637e-02 6.44457514e-01 8.03694461e+01
6.40847294e-01 -3.53545478e-02 -7.66853813e-01 -5.00239237e+01 -7.04874619e-03 9.98625823e-01 -5.19305481e-02 -6.06151037e+00 7.67636039e-01 3.86849064e-02 6.39717453e-01 8.11070283e+01
6.33899805e-01 -3.94601188e-02 -7.72407862e-01 -5.10090788e+01 -1.50780367e-03 9.98632650e-01 -5.22547306e-02 -6.15609382e+00 7.73413727e-01 3.42889008e-02 6.32973545e-01 8.19174080e+01
6.25736526e-01 -4.26798502e-02 -7.78865969e-01 -5.19158211e+01 2.92861419e-03 9.98623499e-01 -5.23691726e-02 -6.24030252e+00 7.80029007e-01 3.04883047e-02 6.25000194e-01 8.26477426e+01
6.15993492e-01 -4.42198151e-02 -7.86509118e-01 -5.29286896e+01 6.36093355e-03 9.98669893e-01 -5.11662352e-02 -6.33178242e+00 7.87725578e-01 2.65151347e-02 6.15455435e-01 8.34424553e+01
6.07349294e-01 -4.25174907e-02 -7.93296329e-01 -5.38656822e+01 6.71925276e-03 9.98806028e-01 -4.83877173e-02 -6.41401623e+00 7.94406519e-01 2.40578869e-02 6.06909823e-01 8.41549275e+01
5.98544045e-01 -4.20274312e-02 -7.99986680e-01 -5.48120373e+01 6.37215292e-03 9.98841062e-01 -4.77066889e-02 -6.49500123e+00 8.01064575e-01 2.34569167e-02 5.98118176e-01 8.48559885e+01
5.88319703e-01 -4.40956987e-02 -8.07425206e-01 -5.58648519e+01 5.55040429e-03 9.98708739e-01 -5.04979944e-02 -6.58186441e+00 8.08609394e-01 2.52274281e-02 5.87804779e-01 8.56144403e+01
5.78587164e-01 -4.58079781e-02 -8.14333156e-01 -5.68323620e+01 6.22330943e-03 9.98640474e-01 -5.17539780e-02 -6.66184800e+00 8.15596834e-01 2.48763397e-02 5.78085638e-01 8.62970756e+01
5.68979722e-01 -4.74505488e-02 -8.20981416e-01 -5.78098862e+01 6.37435165e-03 9.98558397e-01 -5.32963021e-02 -6.74570555e+00 8.22326867e-01 2.50912904e-02 5.68461947e-01 8.69708615e+01
5.58039045e-01 -4.83017581e-02 -8.28407706e-01 -5.88953081e+01 9.06698299e-03 9.98599807e-01 -5.21173355e-02 -6.84086330e+00 8.29765176e-01 2.15723496e-02 5.57695635e-01 8.77065607e+01
5.47853919e-01 -4.82647572e-02 -8.35180555e-01 -5.98925906e+01 1.04970118e-02 9.98652357e-01 -5.08260051e-02 -6.92863285e+00 8.36508177e-01 1.90783263e-02 5.47622245e-01 8.83643720e+01
5.37718454e-01 -4.84017197e-02 -8.41733985e-01 -6.09028293e+01 1.07813258e-02 9.98663933e-01 -5.05382239e-02 -7.01230710e+00 8.43055551e-01 1.81003279e-02 5.37521862e-01 8.90095498e+01
5.26679619e-01 -4.96855732e-02 -8.48610561e-01 -6.20248948e+01 1.03267045e-02 9.98590686e-01 -5.20576748e-02 -7.10558115e+00 8.50001161e-01 1.86543663e-02 5.26450452e-01 8.97062354e+01
5.16834791e-01 -5.04696337e-02 -8.54596148e-01 -6.30579713e+01 9.04710440e-03 9.98526956e-01 -5.34982966e-02 -7.19203334e+00 8.56037373e-01 1.99181607e-02 5.16530076e-01 9.03274538e+01
5.06172868e-01 -5.11386269e-02 -8.60914531e-01 -6.42047471e+01 7.64959973e-03 9.98467403e-01 -5.48117581e-02 -7.28910493e+00 8.62398137e-01 2.11585735e-02 5.05788301e-01 9.09992446e+01
4.96741721e-01 -5.10834840e-02 -8.66393733e-01 -6.52590986e+01 6.81290154e-03 9.98465071e-01 -5.49644198e-02 -7.37651445e+00 8.67871698e-01 2.14004655e-02 4.96327286e-01 9.16006547e+01
4.88138913e-01 -4.92060834e-02 -8.71377716e-01 -6.63240026e+01 5.84574457e-03 9.98571351e-01 -5.31138856e-02 -7.46416705e+00 8.72746393e-01 2.08331032e-02 4.87729182e-01 9.21945668e+01
4.79515759e-01 -4.70489786e-02 -8.76271071e-01 -6.75045347e+01 6.18702052e-03 9.98718123e-01 -5.02377647e-02 -7.55907647e+00 8.77511479e-01 1.86682934e-02 4.79192173e-01 9.28396951e+01
4.72117966e-01 -4.73353598e-02 -8.80263568e-01 -6.85837392e+01 6.44181940e-03 9.98715894e-01 -5.02500448e-02 -7.64434002e+00 8.81511864e-01 1.80534508e-02 4.71816644e-01 9.34170656e+01
4.64663637e-01 -5.04527918e-02 -8.84048743e-01 -6.96660650e+01 8.23740387e-03 9.98578557e-01 -5.26593823e-02 -7.72903290e+00 8.85448976e-01 1.71866344e-02 4.64418745e-01 9.39871015e+01
4.57108242e-01 -5.39547876e-02 -8.87772998e-01 -7.08642297e+01 1.10447609e-02 9.98425659e-01 -5.49928872e-02 -7.82319389e+00 8.89342514e-01 1.53324627e-02 4.56984516e-01 9.46073276e+01
4.51083251e-01 -5.66557892e-02 -8.90681751e-01 -7.19570432e+01 1.20241192e-02 9.98278253e-01 -5.74103725e-02 -7.91395402e+00 8.92400897e-01 1.51871952e-02 4.50987837e-01 9.51618396e+01
4.45230229e-01 -6.02641798e-02 -8.93385824e-01 -7.31614422e+01 1.39588635e-02 9.98078476e-01 -6.03697522e-02 -8.01736454e+00 8.95307340e-01 1.44077892e-02 4.45215929e-01 9.57647501e+01
4.40523556e-01 -6.11946847e-02 -8.95652927e-01 -7.42588691e+01 1.65246748e-02 9.98057751e-01 -6.00638122e-02 -8.11263228e+00 8.97588977e-01 1.16591526e-02 4.40679173e-01 9.63076089e+01
4.36382699e-01 -5.86776213e-02 -8.97845775e-01 -7.53587564e+01 1.77527890e-02 9.98238509e-01 -5.66102337e-02 -8.20869412e+00 8.99586026e-01 8.76446216e-03 4.36655707e-01 9.68445190e+01
4.32341807e-01 -5.65768702e-02 -8.99933096e-01 -7.65655117e+01 2.11514166e-02 9.98391358e-01 -5.26052709e-02 -8.30967431e+00 9.01461713e-01 3.70860103e-03 4.32843006e-01 9.74296351e+01
4.28978796e-01 -5.59164562e-02 -9.01582221e-01 -7.76591659e+01 2.28356977e-02 9.98434586e-01 -5.10579071e-02 -8.39825333e+00 9.03025893e-01 1.31450378e-03 4.29584159e-01 9.79533100e+01
4.26140025e-01 -5.63198633e-02 -9.02902381e-01 -7.87495750e+01 2.44133229e-02 9.98412691e-01 -5.07551878e-02 -8.48538431e+00 9.04327766e-01 -4.14026859e-04 4.26838566e-01 9.84701954e+01
4.23358059e-01 -5.52499708e-02 -9.04276148e-01 -7.99468624e+01 2.63528827e-02 9.98467340e-01 -4.86672061e-02 -8.57872754e+00 9.05579107e-01 -3.22662538e-03 4.24165193e-01 9.90340518e+01
4.21085012e-01 -5.42285952e-02 -9.05398603e-01 -8.10309314e+01 2.77219117e-02 9.98514241e-01 -4.69127635e-02 -8.66257188e+00 9.06597457e-01 -5.34511429e-03 4.21962703e-01 9.95400747e+01
4.18677168e-01 -5.53132032e-02 -9.06449026e-01 -8.22144964e+01 3.05008280e-02 9.98436704e-01 -4.68385298e-02 -8.74716144e+00 9.07622812e-01 -8.03721819e-03 4.19709751e-01 1.00094774e+02
4.16135920e-01 -5.55639504e-02 -9.07603163e-01 -8.32745520e+01 3.25191782e-02 9.98402169e-01 -4.62126840e-02 -8.83063667e+00 9.08720771e-01 -1.02837462e-02 4.17277901e-01 1.00582644e+02
4.13594203e-01 -5.48111448e-02 -9.08809953e-01 -8.43259941e+01 3.56862379e-02 9.98395124e-01 -4.39735130e-02 -8.91430624e+00 9.09761710e-01 -1.42448125e-02 4.14886441e-01 1.01065004e+02
4.11293838e-01 -5.41337498e-02 -9.09893880e-01 -8.54840959e+01 3.76151816e-02 9.98392548e-01 -4.23959854e-02 -9.00109945e+00 9.10726368e-01 -1.67886101e-02 4.12668955e-01 1.01585958e+02
4.09437377e-01 -5.48282998e-02 -9.10689216e-01 -8.65269010e+01 3.98136030e-02 9.98315429e-01 -4.22040445e-02 -9.07433936e+00 9.11469117e-01 -1.89778994e-02 4.10930565e-01 1.02046772e+02
4.08074301e-01 -5.62131569e-02 -9.11216441e-01 -8.75611441e+01 4.11057060e-02 9.98221670e-01 -4.31719790e-02 -9.14830440e+00 9.12022876e-01 -1.98388136e-02 4.09659293e-01 1.02505915e+02
4.07407303e-01 -5.74641433e-02 -9.11436843e-01 -8.86867212e+01 4.12216113e-02 9.98158306e-01 -4.45059193e-02 -9.23108728e+00 9.12315795e-01 -1.94388525e-02 4.09025749e-01 1.03001204e+02
4.07680672e-01 -5.79950309e-02 -9.11280968e-01 -8.97051013e+01 4.02474095e-02 9.98152417e-01 -4.55181211e-02 -9.30652063e+00 9.12237172e-01 -1.81198340e-02 4.09261599e-01 1.03436299e+02
4.09960374e-01 -5.78062258e-02 -9.10269680e-01 -9.08138176e+01 3.79277397e-02 9.98206873e-01 -4.63090341e-02 -9.38895886e+00 9.11314446e-01 -1.55395969e-02 4.11417723e-01 1.03909911e+02
4.14062997e-01 -5.78117071e-02 -9.08410479e-01 -9.18111364e+01 3.56648107e-02 9.98245129e-01 -4.72724453e-02 -9.46507021e+00 9.09549282e-01 -1.28245121e-02 4.15398215e-01 1.04345625e+02
4.18988108e-01 -5.80955208e-02 -9.06131245e-01 -9.28000027e+01 3.40199339e-02 9.98254737e-01 -4.82713619e-02 -9.54027587e+00 9.07354203e-01 -1.06013935e-02 4.20233271e-01 1.04785269e+02
4.25166873e-01 -5.82230132e-02 -9.03240372e-01 -9.38810684e+01 3.32908946e-02 9.98259593e-01 -4.86775232e-02 -9.61335504e+00 9.04502563e-01 -9.37360486e-03 4.26365207e-01 1.05285199e+02
4.31854928e-01 -5.71510071e-02 -9.00130569e-01 -9.48560385e+01 3.23000597e-02 9.98330266e-01 -4.78893280e-02 -9.68183364e+00 9.01364558e-01 -8.39302415e-03 4.32979828e-01 1.05745518e+02
4.39697836e-01 -5.55442459e-02 -8.96426577e-01 -9.58238003e+01 3.07019383e-02 9.98432095e-01 -4.68053836e-02 -9.74812538e+00 8.97620880e-01 -6.94180315e-03 4.40713749e-01 1.06210552e+02
4.49073737e-01 -5.52088317e-02 -8.91787375e-01 -9.68763518e+01 3.02902163e-02 9.98456172e-01 -4.65593785e-02 -9.82195053e+00 8.92981142e-01 -6.10383413e-03 4.50052734e-01 1.06732590e+02
4.58210502e-01 -5.47294581e-02 -8.87157135e-01 -9.78257147e+01 2.96529507e-02 9.98488196e-01 -4.62820289e-02 -9.88718324e+00 8.88348962e-01 -5.09991099e-03 4.59140668e-01 1.07214661e+02
4.68642941e-01 -5.52168884e-02 -8.81660280e-01 -9.88582761e+01 2.84888610e-02 9.98470147e-01 -4.73893628e-02 -9.96267386e+00 8.82928206e-01 -2.90880303e-03 4.69499054e-01 1.07753851e+02
4.78761768e-01 -5.68232638e-02 -8.76104016e-01 -9.97851800e+01 2.68186516e-02 9.98384133e-01 -5.00987407e-02 -1.00288422e+01 8.77535166e-01 4.89436623e-04 4.79512077e-01 1.08255176e+02
4.89706791e-01 -5.75611794e-02 -8.69985017e-01 -1.00698970e+02 2.50847504e-02 9.98335458e-01 -5.19333104e-02 -1.00935578e+01 8.71526277e-01 3.60874052e-03 4.90335563e-01 1.08773643e+02
5.02677688e-01 -5.59788713e-02 -8.62659533e-01 -1.01699324e+02 2.29275449e-02 9.98413483e-01 -5.14280557e-02 -1.01591220e+01 8.64169837e-01 6.07307336e-03 5.03163641e-01 1.09361012e+02
5.15086912e-01 -5.32360833e-02 -8.55483112e-01 -1.02601542e+02 2.13300815e-02 9.98556396e-01 -4.92965818e-02 -1.02180290e+01 8.56872532e-01 7.14450176e-03 5.15478861e-01 1.09907030e+02
5.28365888e-01 -5.08372349e-02 -8.47493379e-01 -1.03580392e+02 2.04421370e-02 9.98678080e-01 -4.71615619e-02 -1.02808215e+01 8.48770666e-01 7.59398688e-03 5.28706653e-01 1.10521610e+02
5.39843143e-01 -5.04422479e-02 -8.40252893e-01 -1.04461361e+02 2.08074174e-02 9.98697562e-01 -4.65857553e-02 -1.03282355e+01 8.41508448e-01 7.66550990e-03 5.40189604e-01 1.11085121e+02
5.50927312e-01 -5.09535336e-02 -8.32996278e-01 -1.05327321e+02 2.10103355e-02 9.98664873e-01 -4.71914999e-02 -1.03779450e+01 8.34288737e-01 8.49755684e-03 5.51262306e-01 1.11654467e+02
5.62819945e-01 -5.18226081e-02 -8.24953388e-01 -1.06264054e+02 2.14521474e-02 9.98612325e-01 -4.80960583e-02 -1.04313699e+01 8.26301125e-01 9.37240093e-03 5.63150641e-01 1.12289639e+02
5.73526893e-01 -5.31588225e-02 -8.17460096e-01 -1.07099156e+02 2.31732372e-02 9.98545745e-01 -4.86764422e-02 -1.04859123e+01 8.18858924e-01 8.97405373e-03 5.73924702e-01 1.12872784e+02
5.83936961e-01 -5.38137900e-02 -8.10013375e-01 -1.07921323e+02 2.42533297e-02 9.98511491e-01 -4.88526255e-02 -1.05388746e+01 8.11436648e-01 8.88133403e-03 5.84372931e-01 1.13463625e+02
5.95445146e-01 -5.12107649e-02 -8.01762123e-01 -1.08811048e+02 2.30793361e-02 9.98644835e-01 -4.66458738e-02 -1.06031721e+01 8.03064414e-01 9.27092329e-03 5.95820132e-01 1.14115897e+02
6.05159577e-01 -4.85145005e-02 -7.94624564e-01 -1.09606126e+02 2.33571661e-02 9.98793733e-01 -4.31916846e-02 -1.06569335e+01 7.95761497e-01 7.57768551e-03 6.05562755e-01 1.14716373e+02
6.15875434e-01 -4.66887926e-02 -7.86458883e-01 -1.10463256e+02 2.18894054e-02 9.98871173e-01 -4.21572566e-02 -1.07193638e+01 7.87539417e-01 8.74850305e-03 6.16202208e-01 1.15378165e+02
6.25760035e-01 -4.60672928e-02 -7.78654064e-01 -1.11228601e+02 2.00248527e-02 9.98874228e-01 -4.30032891e-02 -1.07726356e+01 7.79758561e-01 1.13173080e-02 6.25978064e-01 1.15982356e+02
6.35082317e-01 -4.59080175e-02 -7.71079032e-01 -1.11979523e+02 1.83682092e-02 9.98847614e-01 -4.43401964e-02 -1.08283855e+01 7.72226061e-01 1.39963345e-02 6.35193706e-01 1.16589390e+02
6.45011505e-01 -4.55398460e-02 -7.62814689e-01 -1.12789679e+02 1.81357202e-02 9.98853808e-01 -4.42963509e-02 -1.08888035e+01 7.63957644e-01 1.47374629e-02 6.45098097e-01 1.17264060e+02
6.53969721e-01 -4.36061561e-02 -7.55262920e-01 -1.13518866e+02 1.79960261e-02 9.98951595e-01 -4.20934071e-02 -1.09431025e+01 7.56306668e-01 1.39360832e-02 6.54068834e-01 1.17873666e+02
6.62529538e-01 -4.16282208e-02 -7.47878114e-01 -1.14235652e+02 1.77292581e-02 9.99046269e-01 -3.99027157e-02 -1.09973638e+01 7.48825955e-01 1.31774046e-02 6.62635702e-01 1.18486457e+02
6.71366721e-01 -4.09892704e-02 -7.39990930e-01 -1.15009100e+02 1.83399455e-02 9.99082495e-01 -3.87016092e-02 -1.10544345e+01 7.40898373e-01 1.24115800e-02 6.71502481e-01 1.19163358e+02
6.78966469e-01 -4.04717316e-02 -7.33052893e-01 -1.15699284e+02 1.73022748e-02 9.99084177e-01 -3.91336132e-02 -1.11062450e+01 7.33965388e-01 1.38869292e-02 6.79044910e-01 1.19780941e+02
6.87051278e-01 -3.92827240e-02 -7.25546264e-01 -1.16446101e+02 1.65535627e-02 9.99124574e-01 -3.84195961e-02 -1.11604952e+01 7.26420365e-01 1.43858576e-02 6.87100086e-01 1.20461679e+02
6.94192790e-01 -3.71858745e-02 -7.18827903e-01 -1.17108789e+02 1.59508112e-02 9.99214124e-01 -3.62864580e-02 -1.12069183e+01 7.19612373e-01 1.37239100e-02 6.94240386e-01 1.21080381e+02
7.01823775e-01 -3.42561467e-02 -7.11526443e-01 -1.17751915e+02 1.49842282e-02 9.99331985e-01 -3.33325359e-02 -1.12442453e+01 7.12193012e-01 1.27318924e-02 7.01868248e-01 1.21689068e+02
7.09853978e-01 -3.20047496e-02 -7.03621347e-01 -1.18446313e+02 1.34371799e-02 9.99400663e-01 -3.19022971e-02 -1.12891990e+01 7.04220701e-01 1.31912865e-02 7.09858591e-01 1.22362902e+02
7.17497235e-01 -3.18480219e-02 -6.95832880e-01 -1.19055605e+02 1.32650287e-02 9.99397786e-01 -3.20640584e-02 -1.13287596e+01 6.96435051e-01 1.37756306e-02 7.17487614e-01 1.22963882e+02
7.25383900e-01 -2.91351315e-02 -6.87727647e-01 -1.19656269e+02 1.06604501e-02 9.99459511e-01 -3.10972954e-02 -1.13691111e+01 6.88261996e-01 1.52259915e-02 7.25302433e-01 1.23570002e+02
7.35081459e-01 -2.57781615e-02 -6.77488532e-01 -1.20297313e+02 9.46690574e-03 9.99569745e-01 -2.77615435e-02 -1.14093689e+01 6.77912714e-01 1.39932762e-02 7.35009227e-01 1.24243435e+02
7.44201659e-01 -2.22035984e-02 -6.67585850e-01 -1.20864675e+02 7.78998294e-03 9.99667896e-01 -2.45644955e-02 -1.14447472e+01 6.67909595e-01 1.30804564e-02 7.44127474e-01 1.24864119e+02
7.55111287e-01 -2.04091098e-02 -6.55278865e-01 -1.21469110e+02 6.11593445e-03 9.99691125e-01 -2.40883672e-02 -1.14815440e+01 6.55568121e-01 1.41817556e-02 7.55002874e-01 1.25544178e+02
7.64802393e-01 -1.96386092e-02 -6.43965530e-01 -1.22004660e+02 4.69438918e-03 9.99678643e-01 -2.49113040e-02 -1.15139893e+01 6.44247842e-01 1.60292001e-02 7.64648811e-01 1.26165289e+02
7.74335047e-01 -2.01975219e-02 -6.32453378e-01 -1.22525918e+02 4.60420049e-03 9.99643841e-01 -2.62867402e-02 -1.15448879e+01 6.32759082e-01 1.74428018e-02 7.74152255e-01 1.26791246e+02
7.84929893e-01 -2.07322459e-02 -6.19237609e-01 -1.23084302e+02 4.96029262e-03 9.99618250e-01 -2.71799585e-02 -1.15794394e+01 6.19564748e-01 1.82627618e-02 7.84733085e-01 1.27486699e+02
7.94783609e-01 -1.84123389e-02 -6.06613536e-01 -1.23584555e+02 4.06718764e-03 9.99678825e-01 -2.50141039e-02 -1.16108527e+01 6.06879305e-01 1.74135884e-02 7.94603231e-01 1.28127245e+02
8.05640348e-01 -1.61263765e-02 -5.92185403e-01 -1.24120199e+02 3.74762382e-03 9.99748152e-01 -2.21266525e-02 -1.16443759e+01 5.92393114e-01 1.56068357e-02 8.05497885e-01 1.28839082e+02
8.15040980e-01 -1.49471429e-02 -5.79210468e-01 -1.24595125e+02 4.14648349e-03 9.99792062e-01 -1.99659430e-02 -1.16736080e+01 5.79388491e-01 1.38713751e-02 8.14933481e-01 1.29493587e+02
8.23901043e-01 -1.38745498e-02 -5.66563810e-01 -1.25054941e+02 4.91879979e-03 9.99837690e-01 -1.73320209e-02 -1.17050093e+01 5.66712354e-01 1.14930565e-02 8.23835563e-01 1.30155863e+02
8.32682180e-01 -1.30155392e-02 -5.53598200e-01 -1.25552172e+02 5.40404862e-03 9.99867128e-01 -1.53793075e-02 -1.17400910e+01 5.53724839e-01 9.81440425e-03 8.32641877e-01 1.30892977e+02
8.39722063e-01 -1.33099719e-02 -5.42853282e-01 -1.25988719e+02 6.88311487e-03 9.99880139e-01 -1.38683427e-02 -1.17806732e+01 5.42972830e-01 7.90903262e-03 8.39713028e-01 1.31567923e+02
8.46242045e-01 -1.35910725e-02 -5.32625262e-01 -1.26416959e+02 7.53604194e-03 9.99879921e-01 -1.35407158e-02 -1.18100142e+01 5.32745364e-01 7.44483747e-03 8.46242853e-01 1.32250196e+02
8.53446466e-01 -1.26244516e-02 -5.21027579e-01 -1.26880662e+02 6.61154363e-03 9.99888392e-01 -1.33974603e-02 -1.18410450e+01 5.21138590e-01 7.98921918e-03 8.53434682e-01 1.33007652e+02
8.59983060e-01 -1.10620512e-02 -5.10202660e-01 -1.27298896e+02 5.34224564e-03 9.99905399e-01 -1.26748964e-02 -1.18674841e+01 5.10294630e-01 8.17456883e-03 8.59960802e-01 1.33703682e+02
8.66711625e-01 -9.75973313e-03 -4.98714040e-01 -1.27748507e+02 4.29180157e-03 9.99917467e-01 -1.21094947e-02 -1.18974963e+01 4.98791090e-01 8.35505863e-03 8.66681980e-01 1.34477162e+02
8.72463298e-01 -1.03894814e-02 -4.88569177e-01 -1.28148855e+02 5.01451411e-03 9.99911673e-01 -1.23085662e-02 -1.19211610e+01 4.88653927e-01 8.28883570e-03 8.72438335e-01 1.35189483e+02
8.77477306e-01 -1.17881729e-02 -4.79473257e-01 -1.28540359e+02 6.23023108e-03 9.99893714e-01 -1.31812058e-02 -1.19408024e+01 4.79577703e-01 8.57898012e-03 8.77457486e-01 1.35911312e+02
8.82189481e-01 -1.26221651e-02 -4.70725386e-01 -1.28972597e+02 6.88015192e-03 9.99879484e-01 -1.39169220e-02 -1.19537729e+01 4.70844341e-01 9.03870032e-03 8.82170006e-01 1.36716790e+02
8.85557368e-01 -1.18973470e-02 -4.64377636e-01 -1.29368047e+02 6.39036729e-03 9.99889381e-01 -1.34308711e-02 -1.19679080e+01 4.64486082e-01 8.92626352e-03 8.85535438e-01 1.37457267e+02
8.88671817e-01 -1.04419159e-02 -4.58424864e-01 -1.29761628e+02 6.43498372e-03 9.99926230e-01 -1.03017074e-02 -1.19787958e+01 4.58498639e-01 6.20488113e-03 8.88673454e-01 1.38211212e+02
8.92048000e-01 -6.20527418e-03 -4.51898052e-01 -1.30200483e+02 4.13258655e-03 9.99975929e-01 -5.57351477e-03 -1.19929622e+01 4.51921782e-01 3.10433597e-03 8.92052172e-01 1.39050518e+02
8.95277367e-01 -3.18542088e-03 -4.45497788e-01 -1.30597097e+02 2.21984662e-03 9.99993920e-01 -2.68918009e-03 -1.20024577e+01 4.45503668e-01 1.41862660e-03 8.95278996e-01 1.39825474e+02
8.98742228e-01 -7.95194754e-04 -4.38476641e-01 -1.31032520e+02 4.96018406e-04 9.99999559e-01 -7.96854336e-04 -1.20110410e+01 4.38477104e-01 4.98675556e-04 8.98742227e-01 1.40690246e+02
9.01918970e-01 1.23952833e-03 -4.31903490e-01 -1.31425139e+02 -6.90600007e-04 9.99998742e-01 1.42777629e-03 -1.20155972e+01 4.31904738e-01 -9.89464384e-04 9.01918693e-01 1.41491793e+02
9.05110218e-01 2.61863064e-03 -4.25168938e-01 -1.31817873e+02 -9.70747051e-04 9.99991155e-01 4.09243126e-03 -1.20200355e+01 4.25175915e-01 -3.29136797e-03 9.05104755e-01 1.42306532e+02
9.08742730e-01 2.61028342e-03 -4.17348568e-01 -1.32245580e+02 6.59875101e-05 9.99979530e-01 6.39799932e-03 -1.20225735e+01 4.17356746e-01 -5.84167294e-03 9.08723957e-01 1.43218269e+02
