1.00000000e+00 -5.82292776e-18 -1.39387152e-17 0.00000000e+00 -5.66695562e-19 1.00000000e+00 2.54725465e-18 1.11022302e-16 2.26882547e-19 3.64881176e-19 1.00000000e+00 0.00000000e+00
9.99891275e-01 1.29544074e-03 1.46887522e-02 1.14585772e-02 -1.28056446e-03 9.99998658e-01 -1.02214454e-03 4.27844226e-04 -1.46900573e-02 1.00322332e-03 9.99891592e-01 1.21544542e-01
9.99312459e-01 4.18086426e-03 3.68392531e-02 3.10962511e-02 -4.16179365e-03 9.99991163e-01 -5.94363754e-04 1.02701851e-03 -3.68414143e-02 4.40637555e-04 9.99321028e-01 2.72973712e-01
9.98036305e-01 5.69362884e-03 6.23788110e-02 5.93893960e-02 -5.74514861e-03 9.99983287e-01 6.46566375e-04 2.30324919e-03 -6.23740903e-02 -1.00367231e-03 9.98052336e-01 4.28007780e-01
9.95530838e-01 5.52700657e-03 9.42751434e-02 1.02080012e-01 -5.82059340e-03 9.99979029e-01 2.83943737e-03 3.24319973e-03 -9.42574775e-02 -3.37548455e-03 9.95542131e-01 5.93710416e-01
9.90959016e-01 2.38281735e-03 1.34143763e-01 1.65891962e-01 -3.10381327e-03 9.99981840e-01 5.16592784e-03 5.29775049e-03 -1.34129025e-01 -5.53557958e-03 9.90948416e-01 7.87820335e-01
9.85123003e-01 -8.86893105e-04 1.71848426e-01 2.37579944e-01 -9.59554464e-05 9.99983688e-01 5.71088414e-03 7.53607015e-03 -1.71850696e-01 -5.64241284e-03 9.85106848e-01 9.74061148e-01
9.76065144e-01 -1.22030020e-03 2.17474924e-01 3.24488190e-01 -3.26963091e-04 9.99974893e-01 7.07854800e-03 1.13343365e-02 -2.17478113e-01 -6.98022990e-03 9.76040239e-01 1.19033791e+00
9.64684475e-01 -1.15283331e-03 2.63405640e-01 4.15224419e-01 -1.34427818e-03 9.99955854e-01 9.29967340e-03 1.47776013e-02 -2.63404745e-01 -9.32534045e-03 9.64640338e-01 1.39538481e+00
9.49466881e-01 -4.62597383e-03 3.13833136e-01 5.37859618e-01 -6.98320805e-04 9.99857771e-01 1.68508290e-02 1.35938284e-02 -3.13866467e-01 -1.62184589e-02 9.49328609e-01 1.62857718e+00
9.33341649e-01 -1.41980082e-02 3.58708483e-01 6.77380861e-01 5.61889748e-03 9.99672962e-01 2.49478782e-02 1.30820872e-02 -3.58945400e-01 -2.12693456e-02 9.33116188e-01 1.84145740e+00
9.13228975e-01 -2.01063423e-02 4.06950324e-01 8.26379275e-01 8.92366114e-03 9.99529107e-01 2.93586966e-02 1.59370866e-02 -4.07349010e-01 -2.31797234e-02 9.12978364e-01 2.05365468e+00
8.86747159e-01 -2.18364502e-02 4.61738709e-01 1.00282874e+00 7.32302638e-03 9.99421869e-01 3.32009324e-02 1.92385827e-02 -4.62196777e-01 -2.60595053e-02 8.86394411e-01 2.29077931e+00
8.59680477e-01 -2.40095612e-02 5.10267583e-01 1.18344236e+00 5.44251136e-03 9.99268644e-01 3.78491290e-02 2.40940870e-02 -5.10803162e-01 -2.97610173e-02 8.59182416e-01 2.50727324e+00
8.25794552e-01 -2.94171616e-02 5.63203314e-01 1.40848636e+00 6.72655665e-03 9.99081417e-01 4.23211094e-02 3.09699275e-02 -5.63930960e-01 -3.11601197e-02 8.25233867e-01 2.74083015e+00
7.91276938e-01 -3.48798513e-02 6.10462272e-01 1.63366168e+00 8.79739159e-03 9.98917759e-01 4.56718378e-02 3.66012070e-02 -6.11394663e-01 -3.07685935e-02 7.90727436e-01 2.94692291e+00
7.54855656e-01 -3.91668657e-02 6.54720455e-01 1.87870733e+00 9.80171108e-03 9.98777596e-01 4.84483343e-02 4.55397058e-02 -6.55817724e-01 -3.01541158e-02 7.54316818e-01 3.15108611e+00
7.12745295e-01 -4.26828735e-02 7.00123055e-01 2.17230000e+00 1.11197721e-02 9.98708954e-01 4.95658689e-02 6.03827632e-02 -7.01334813e-01 -2.75426289e-02 7.12299732e-01 3.37356015e+00
6.72455246e-01 -4.46145544e-02 7.38791890e-01 2.45980146e+00 1.08488607e-02 9.98668501e-01 5.04333932e-02 7.56126641e-02 -7.40058290e-01 -2.58991478e-02 6.72043889e-01 3.57523863e+00
6.27292168e-01 -4.49768855e-02 7.77484139e-01 2.79888850e+00 6.02027117e-03 9.98581143e-01 5.29098966e-02 9.30908280e-02 -7.78760761e-01 -2.85092963e-02 6.26672902e-01 3.80034474e+00
5.86939918e-01 -4.57925763e-02 8.08334423e-01 3.13342362e+00 3.18976773e-03 9.98522252e-01 5.42507008e-02 1.07999947e-01 -8.09624228e-01 -2.92635007e-02 5.86218636e-01 4.00073848e+00
5.48084054e-01 -4.69448482e-02 8.35104794e-01 3.49518731e+00 1.61347123e-03 9.98481192e-01 5.50700163e-02 1.23803664e-01 -8.36421725e-01 -2.88355782e-02 5.47327362e-01 4.19555407e+00
5.06928546e-01 -4.95339418e-02 8.60563653e-01 3.92275826e+00 2.15719019e-04 9.98354794e-01 5.73381163e-02 1.39970008e-01 -8.61988074e-01 -2.88806859e-02 5.06105228e-01 4.40806259e+00
4.70834262e-01 -4.94099430e-02 8.80836941e-01 4.33633040e+00 -2.50583021e-03 9.98351490e-01 5.73412887e-02 1.57624563e-01 -8.82218147e-01 -2.92054691e-02 4.69934272e-01 4.59915252e+00
4.35551943e-01 -4.88225851e-02 8.98838595e-01 4.77458063e+00 -3.88830613e-03 9.98416708e-01 5.61155790e-02 1.76847653e-01 -9.00155224e-01 -2.79362072e-02 4.34672499e-01 4.78407078e+00
3.99662024e-01 -4.73558117e-02 9.15438503e-01 5.28894978e+00 -2.41547057e-03 9.98606799e-01 5.27126740e-02 1.99489801e-01 -9.16659410e-01 -2.32784676e-02 3.98990827e-01 4.97789257e+00
3.70952184e-01 -4.58257250e-02 9.27520586e-01 5.78303887e+00 -3.60591962e-04 9.98774536e-01 4.94903659e-02 2.21925320e-01 -9.28651921e-01 -1.86930153e-02 3.70481069e-01 5.14969898e+00
3.45850393e-01 -4.39527784e-02 9.37259630e-01 6.30309589e+00 9.88944850e-04 9.98918761e-01 4.64793637e-02 2.44517537e-01 -9.38289173e-01 -1.51480081e-02 3.45519912e-01 5.32217915e+00
3.23813784e-01 -4.32284358e-02 9.45132737e-01 6.90485363e+00 2.25026386e-03 9.98988021e-01 4.49207022e-02 2.69213791e-01 -9.46118182e-01 -1.24191449e-02 3.23583365e-01 5.51398961e+00
3.09118225e-01 -4.37423991e-02 9.50017095e-01 7.47877003e+00 3.16613222e-03 9.98983465e-01 4.49667986e-02 2.90722781e-01 -9.51018372e-01 -1.08921778e-02 3.08942488e-01 5.68974444e+00
2.96816432e-01 -4.54548498e-02 9.53852094e-01 8.13714807e+00 4.44612373e-03 9.98921434e-01 4.62190572e-02 3.14392706e-01 -9.54924229e-01 -9.47763205e-03 2.96698393e-01 5.88661969e+00
2.86221158e-01 -4.73832230e-02 9.56991240e-01 8.75953587e+00 3.29490960e-03 9.98819263e-01 4.84687891e-02 3.37313588e-01 -9.58157940e-01 -1.07195940e-02 2.86039328e-01 6.07061355e+00
2.76005223e-01 -4.90833316e-02 9.59902025e-01 9.40364063e+00 1.67972971e-03 9.98718338e-01 5.05851760e-02 3.62237791e-01 -9.61154692e-01 -1.23493972e-02 2.75733923e-01 6.25583289e+00
2.65296574e-01 -5.09134278e-02 9.62821637e-01 1.01367068e+01 8.83967874e-04 9.98617234e-01 5.25627124e-02 3.91563103e-01 -9.64166476e-01 -1.30936044e-02 2.64974735e-01 6.45686980e+00
2.55446307e-01 -5.27834335e-02 9.65381296e-01 1.08258424e+01 -1.10766080e-04 9.98506992e-01 5.46239363e-02 4.19623600e-01 -9.66823262e-01 -1.40604144e-02 2.55059075e-01 6.63775658e+00
2.45227328e-01 -5.44151959e-02 9.67937238e-01 1.15330971e+01 -2.49793215e-04 9.98419942e-01 5.61921528e-02 4.50556379e-01 -9.69465596e-01 -1.40216358e-02 2.44826260e-01 6.81508634e+00
2.34360673e-01 -5.56782115e-02 9.70553947e-01 1.23317551e+01 -3.15035032e-04 9.98354136e-01 5.73491141e-02 4.87448758e-01 -9.72149692e-01 -1.37461356e-02 2.33957405e-01 7.00651406e+00
2.24244984e-01 -5.87521692e-02 9.72760157e-01 1.30734161e+01 -1.66502381e-03 9.98156498e-01 6.06698755e-02 5.23281219e-01 -9.74531407e-01 -1.52245840e-02 2.23733763e-01 7.17748414e+00
2.13413263e-01 -6.16839226e-02 9.75012731e-01 1.38252327e+01 -3.46331171e-03 9.97950736e-01 6.38931533e-02 5.61653959e-01 -9.76955901e-01 -1.70124190e-02 2.12762290e-01 7.34402823e+00
2.00538537e-01 -6.64972146e-02 9.77426400e-01 1.46612105e+01 -4.55936264e-03 9.97619608e-01 6.88064687e-02 6.04473791e-01 -9.79675230e-01 -1.82547895e-02 1.99757991e-01 7.51594205e+00
1.88157157e-01 -6.88530851e-02 9.79722455e-01 1.54265103e+01 -5.47867055e-03 9.97450498e-01 7.11511724e-02 6.43854429e-01 -9.82123677e-01 -1.87551783e-02 1.87300225e-01 7.66214159e+00
1.73250003e-01 -6.94630999e-02 9.82425196e-01 1.62729496e+01 -6.03248142e-03 9.97416126e-01 7.15868750e-02 6.87088205e-01 -9.84859429e-01 -1.83288876e-02 1.72383311e-01 7.81066621e+00
1.59449959e-01 -6.85089416e-02 9.84825968e-01 1.70475047e+01 -7.31890518e-03 9.97479684e-01 7.05741774e-02 7.27771048e-01 -9.87178906e-01 -1.84608970e-02 1.58546683e-01 7.93551542e+00
1.43804718e-01 -6.75490886e-02 9.87297966e-01 1.78286069e+01 -7.85140413e-03 9.97558386e-01 6.93946883e-02 7.67097998e-01 -9.89574963e-01 -1.77309584e-02 1.42923245e-01 8.04671837e+00
1.22261476e-01 -6.58376322e-02 9.90311814e-01 1.86927671e+01 -1.04959416e-02 9.97655824e-01 6.76216835e-02 8.07909697e-01 -9.92442450e-01 -1.86617812e-02 1.21283844e-01 8.15145391e+00
9.80807493e-02 -6.46247380e-02 9.93077922e-01 1.94849010e+01 -1.47971702e-02 9.97684294e-01 6.63859375e-02 8.45613222e-01 -9.95068470e-01 -2.12059245e-02 9.68973584e-02 8.22957697e+00
6.93917841e-02 -6.43545824e-02 9.95511536e-01 2.02815944e+01 -1.90094248e-02 9.97650563e-01 6.58179097e-02 8.83621288e-01 -9.97408378e-01 -2.34913226e-02 6.80054074e-02 8.28552927e+00
3.46572534e-02 -6.39074429e-02 9.97353831e-01 2.11626663e+01 -2.24467853e-02 9.97651845e-01 6.47065518e-02 9.24063083e-01 -9.99147170e-01 -2.46299371e-02 3.31413547e-02 8.31341099e+00
1.70822720e-03 -6.36201317e-02 9.97972700e-01 2.19667083e+01 -2.43090169e-02 9.97676629e-01 6.36428720e-02 9.58015368e-01 -9.99703058e-01 -2.43684502e-02 1.57714028e-04 8.30965577e+00
-3.41677659e-02 -6.24275795e-02 9.97464441e-01 2.28529873e+01 -2.52666962e-02 9.97782168e-01 6.15819685e-02 9.94373602e-01 -9.99096696e-01 -2.30985113e-02 -3.56693277e-02 8.27276865e+00
-6.57259891e-02 -6.03626280e-02 9.96010240e-01 2.36593222e+01 -2.69849890e-02 9.97911048e-01 5.86971100e-02 1.02584570e+00 -9.97472784e-01 -2.30193983e-02 -6.72175770e-02 8.21461223e+00
-9.68670797e-02 -5.79252776e-02 9.93610276e-01 2.44652944e+01 -2.98206950e-02 9.98025725e-01 5.52754725e-02 1.05552268e+00 -9.94850514e-01 -2.42757737e-02 -9.84032110e-02 8.13290850e+00
-1.31159619e-01 -5.33663380e-02 9.89923805e-01 2.53483091e+01 -2.75522068e-02 9.98360548e-01 5.01706418e-02 1.08500438e+00 -9.90978344e-01 -2.06942220e-02 -1.32414951e-01 8.00761741e+00
-1.61602884e-01 -4.79515792e-02 9.85690167e-01 2.61467366e+01 -2.24392146e-02 9.98739104e-01 4.49074966e-02 1.10923768e+00 -9.86600749e-01 -1.48609319e-02 -1.62475117e-01 7.86305584e+00
-1.93854330e-01 -4.06937409e-02 9.80185936e-01 2.70203293e+01 -1.61900420e-02 9.99135945e-01 3.82785238e-02 1.12928265e+00 -9.80896747e-01 -8.44879438e-03 -1.94345664e-01 7.67606732e+00
-2.21635203e-01 -3.54903121e-02 9.74483569e-01 2.78112067e+01 -1.03270150e-02 9.99366850e-01 3.40477897e-02 1.14364629e+00 -9.75074990e-01 -2.51731896e-03 -2.21861385e-01 7.48179707e+00
-2.48635928e-01 -2.98035756e-02 9.68138355e-01 2.85989808e+01 -2.45020553e-03 9.99542651e-01 3.01410795e-02 1.15260644e+00 -9.68593939e-01 5.12201496e-03 -2.48595241e-01 7.25953814e+00
-2.76519386e-01 -1.97645846e-02 9.60805050e-01 2.94557991e+01 3.92641888e-03 9.99756907e-01 2.16958775e-02 1.15312938e+00 -9.61000342e-01 9.77185082e-03 -2.76374563e-01 6.99531559e+00
-3.01081120e-01 -4.85158330e-03 9.53586166e-01 3.02191481e+01 8.48246118e-03 9.99933870e-01 7.76559805e-03 1.14671665e+00 -9.53560828e-01 1.04268296e-02 -3.01020057e-01 6.73900534e+00
-3.24970069e-01 1.22991756e-02 9.45644299e-01 3.09723106e+01 9.91132348e-03 9.99904809e-01 -9.59888239e-03 1.13332924e+00 -9.45672387e-01 6.25323468e-03 -3.25061037e-01 6.47076659e+00
-3.51653294e-01 2.87727022e-02 9.35688008e-01 3.17928574e+01 9.93371271e-03 9.99585960e-01 -2.70042745e-02 1.10868201e+00 -9.36077628e-01 -2.01287642e-04 -3.51793516e-01 6.15747045e+00
-3.75537156e-01 3.91876568e-02 9.25978471e-01 3.25320425e+01 1.32264873e-02 9.99230557e-01 -3.69236207e-02 1.07256660e+00 -9.26712980e-01 -1.61875017e-03 -3.75766518e-01 5.84914023e+00
-4.00527539e-01 4.33858895e-02 9.15256965e-01 3.33381503e+01 1.63425878e-02 9.99057731e-01 -4.02065923e-02 1.02510422e+00 -9.16138992e-01 -1.14618131e-03 -4.00859173e-01 5.48631750e+00
-4.22233133e-01 4.30857745e-02 9.05462730e-01 3.40622985e+01 1.95240438e-02 9.99070325e-01 -3.84356322e-02 9.79570910e-01 -9.06277018e-01 1.44949511e-03 -4.22681803e-01 5.13956493e+00
-4.41926268e-01 3.91868074e-02 8.96195027e-01 3.47789716e+01 2.28342373e-02 9.99213089e-01 -3.24314822e-02 9.34190281e-01 -8.96760732e-01 6.13160385e-03 -4.42473314e-01 4.77588930e+00
-4.60932227e-01 3.66745094e-02 8.86677180e-01 3.55522302e+01 2.97547213e-02 9.99222609e-01 -2.58618367e-02 8.86274836e-01 -8.86936400e-01 1.44622752e-02 -4.61665144e-01 4.35718026e+00
-4.74341556e-01 3.83137202e-02 8.79506741e-01 3.62426580e+01 3.36394229e-02 9.99111692e-01 -2.53814102e-02 8.43636312e-01 -8.79697968e-01 1.75466379e-02 -4.75209048e-01 3.97149076e+00
-4.85219267e-01 4.13472192e-02 8.73414353e-01 3.69236883e+01 3.65673701e-02 9.98967025e-01 -2.69761177e-02 8.04867724e-01 -8.73627568e-01 1.88491300e-02 -4.86230008e-01 3.58461855e+00
-4.95772538e-01 4.47079426e-02 8.67300842e-01 3.76613267e+01 3.85064213e-02 9.98823506e-01 -2.94764277e-02 7.62816037e-01 -8.67598342e-01 1.87830445e-02 -4.96910809e-01 3.15537504e+00
-5.05961640e-01 4.47647184e-02 8.61393581e-01 3.83276152e+01 3.30095828e-02 9.98925736e-01 -3.25229490e-02 7.20330030e-01 -8.61924140e-01 1.19788753e-02 -5.06895769e-01 2.76851450e+00
-5.18131151e-01 4.21983040e-02 8.54259548e-01 3.90597785e+01 3.07701395e-02 9.99055278e-01 -3.06879602e-02 6.74494551e-01 -8.54747533e-01 1.03852948e-02 -5.18940110e-01 2.33174593e+00
-5.26540673e-01 4.41662500e-02 8.49001899e-01 3.97130345e+01 3.33292448e-02 9.98954296e-01 -3.12966026e-02 6.35098062e-01 -8.49496390e-01 1.18176552e-02 -5.27462096e-01 1.91744255e+00
-5.33500944e-01 4.74093647e-02 8.44469691e-01 4.03689579e+01 3.69437066e-02 9.98781112e-01 -3.27330742e-02 5.93345648e-01 -8.44992273e-01 1.37347116e-02 -5.34602145e-01 1.49377041e+00
-5.37580380e-01 5.09451530e-02 8.41672079e-01 4.11032777e+01 3.78025010e-02 9.98625672e-01 -3.63006799e-02 5.47913535e-01 -8.42364731e-01 1.23027735e-02 -5.38767424e-01 1.02256897e+00
-5.37429558e-01 5.27873860e-02 8.41654873e-01 4.17843172e+01 3.77378213e-02 9.98544581e-01 -3.85302253e-02 5.08397577e-01 -8.42463864e-01 1.10549367e-02 -5.38639455e-01 5.86965274e-01
-5.34454030e-01 5.34502351e-02 8.43505735e-01 4.24826668e+01 3.97564914e-02 9.98483497e-01 -3.80805649e-02 4.64413096e-01 -8.44262013e-01 1.31825142e-02 -5.35768523e-01 1.42962208e-01
-5.28482575e-01 5.15870917e-02 8.47375302e-01 4.32728532e+01 3.79670897e-02 9.98589535e-01 -3.71138956e-02 4.15199526e-01 -8.48094749e-01 1.25583242e-02 -5.29695782e-01 -3.43778873e-01
-5.21972683e-01 5.05713466e-02 8.51461696e-01 4.40102173e+01 3.59781719e-02 9.98657802e-01 -3.72581184e-02 3.70679379e-01 -8.52203101e-01 1.11863126e-02 -5.23091558e-01 -7.84966834e-01
-5.15206124e-01 5.00667516e-02 8.55602672e-01 4.47633824e+01 3.43933770e-02 9.98695926e-01 -3.77298915e-02 3.25733263e-01 -8.56375958e-01 9.98839167e-03 -5.16256222e-01 -1.22856981e+00
-5.08650595e-01 4.84005117e-02 8.59611496e-01 4.56113115e+01 3.14498467e-02 9.98796804e-01 -3.76278198e-02 2.75137193e-01 -8.60398464e-01 7.89523466e-03 -5.09560778e-01 -1.71869175e+00
-5.04288958e-01 4.65233706e-02 8.62280804e-01 4.64004977e+01 2.74285462e-02 9.98906785e-01 -3.78538063e-02 2.26878905e-01 -8.63099275e-01 4.56185059e-03 -5.05013731e-01 -2.16637264e+00
-5.02760261e-01 4.32683330e-02 8.63342303e-01 4.72870016e+01 2.26140476e-02 9.99063015e-01 -3.69011909e-02 1.70780663e-01 -8.64130061e-01 9.71210353e-04 -5.03267655e-01 -2.66431576e+00
-5.03193087e-01 4.06919015e-02 8.63215412e-01 4.81055055e+01 1.95074245e-02 9.99171091e-01 -3.57294158e-02 1.19760303e-01 -8.63953826e-01 -1.13968644e-03 -5.03569782e-01 -3.12677094e+00
-5.04240148e-01 3.92251595e-02 8.62672140e-01 4.89324761e+01 1.79759761e-02 9.99228181e-01 -3.49271597e-02 6.86099792e-02 -8.63376380e-01 -2.10430318e-03 -5.04556078e-01 -3.59817719e+00
-5.04699105e-01 3.85682730e-02 8.62433338e-01 4.98545129e+01 1.78977753e-02 9.99254288e-01 -3.42131168e-02 1.47899488e-02 -8.63109796e-01 -1.83169221e-03 -5.05013033e-01 -4.12641014e+00
-5.04891932e-01 3.77925565e-02 8.62354812e-01 5.07021157e+01 1.78365477e-02 9.99284544e-01 -3.33505416e-02 -3.27420177e-02 -8.62998280e-01 -1.45698746e-03 -5.05204794e-01 -4.61387712e+00
-5.04911250e-01 3.72748611e-02 8.62366034e-01 5.15599991e+01 1.80409317e-02 9.99304629e-01 -3.26310200e-02 -8.14580155e-02 -8.62982729e-01 -9.17883333e-04 -5.05232624e-01 -5.10656128e+00
-5.04998326e-01 3.67135801e-02 8.62339124e-01 5.25098821e+01 1.76840413e-02 9.99325323e-01 -3.21896682e-02 -1.35936721e-01 -8.62939164e-01 -1.00608884e-03 -5.05306861e-01 -5.65315100e+00
-5.05235490e-01 3.52166615e-02 8.62262633e-01 5.33800902e+01 1.60732642e-02 9.99377691e-01 -3.13987552e-02 -1.86949622e-01 -8.62831841e-01 -2.00439112e-03 -5.05487125e-01 -6.15042999e+00
-5.05183334e-01 3.41677197e-02 8.62335391e-01 5.43343143e+01 1.55094556e-02 9.99414030e-01 -3.05131751e-02 -2.44157754e-01 -8.62872697e-01 -2.04039588e-03 -5.05417236e-01 -6.69800154e+00
-5.04672860e-01 3.35624675e-02 8.62658001e-01 5.51992386e+01 1.43625050e-02 9.99432139e-01 -3.04814341e-02 -2.97944515e-01 -8.63191207e-01 -2.99322333e-03 -5.04868319e-01 -7.19311325e+00
-5.03592420e-01 3.21828105e-02 8.63341707e-01 5.60638264e+01 1.38493812e-02 9.99478250e-01 -2.91791605e-02 -3.50408348e-01 -8.63830369e-01 -2.73765635e-03 -5.03775384e-01 -7.68712499e+00
-5.01418604e-01 2.98671009e-02 8.64689136e-01 5.70154821e+01 1.42995833e-02 9.99553567e-01 -2.62333588e-02 -4.07225893e-01 -8.65086668e-01 -7.89200755e-04 -5.01621842e-01 -8.22904612e+00
-4.99090729e-01 2.83782891e-02 8.66084914e-01 5.78807175e+01 1.46162142e-02 9.99597122e-01 -2.43302345e-02 -4.57388121e-01 -8.66426481e-01 5.15887000e-04 -4.99304441e-01 -8.71872293e+00
-4.96845762e-01 2.79439664e-02 8.67388831e-01 5.87438497e+01 1.48444165e-02 9.99608885e-01 -2.37006298e-02 -5.05941823e-01 -8.67711916e-01 1.10032239e-03 -4.97066252e-01 -9.20460234e+00
-4.94561068e-01 2.85145513e-02 8.68674986e-01 5.96901749e+01 1.55178674e-02 9.99592062e-01 -2.39772025e-02 -5.59118749e-01 -8.69004363e-01 1.62179103e-03 -4.94801804e-01 -9.73586798e+00
-4.93677095e-01 2.88110854e-02 8.69167883e-01 6.05488677e+01 1.53794974e-02 9.99584000e-01 -2.43987437e-02 -6.07305868e-01 -8.69509307e-01 1.32226301e-03 -4.93914827e-01 -1.02157596e+01
-4.94320299e-01 3.02715057e-02 8.68752577e-01 6.14877802e+01 1.47187520e-02 9.99541671e-01 -2.64538654e-02 -6.62841466e-01 -8.69155244e-01 -2.89730003e-04 -4.94539298e-01 -1.07392728e+01
-4.97053797e-01 3.19059665e-02 8.67132916e-01 6.23364398e+01 1.34509477e-02 9.99486999e-01 -2.90656301e-02 -7.13542320e-01 -8.67615486e-01 -2.78342304e-03 -4.97227975e-01 -1.12142175e+01
-5.01250179e-01 3.25705454e-02 8.64689180e-01 6.31789371e+01 1.23261800e-02 9.99458712e-01 -3.05016260e-02 -7.64592709e-01 -8.65214632e-01 -4.63063146e-03 -5.01380330e-01 -1.16918724e+01
-5.06998146e-01 3.12854226e-02 8.61379164e-01 6.41000316e+01 1.29641701e-02 9.99504812e-01 -2.86716136e-02 -8.19893435e-01 -8.61849666e-01 -3.36938949e-03 -5.07152677e-01 -1.22254139e+01
-5.12285407e-01 2.87588682e-02 8.58333590e-01 6.49277753e+01 1.43978172e-02 9.99586299e-01 -2.48984652e-02 -8.73217169e-01 -8.58694591e-01 -3.96991204e-04 -5.12487540e-01 -1.27184308e+01
-5.17789546e-01 2.66726259e-02 8.55092112e-01 6.58336321e+01 1.19250124e-02 9.99641780e-01 -2.39604996e-02 -9.29595689e-01 -8.55424933e-01 -2.20951292e-03 -5.17922137e-01 -1.32572790e+01
-5.22508599e-01 2.94110589e-02 8.52126585e-01 6.66449018e+01 1.39795991e-02 9.99566064e-01 -2.59278918e-02 -9.79954555e-01 -8.52519425e-01 -1.63515915e-03 -5.22693020e-01 -1.37515353e+01
-5.27124292e-01 3.18788369e-02 8.49190016e-01 6.74508398e+01 1.43541704e-02 9.99487556e-01 -2.86108869e-02 -1.03059055e+00 -8.49666979e-01 -2.89207588e-03 -5.27311766e-01 -1.42478420e+01
-5.32265615e-01 3.18302236e-02 8.45978791e-01 6.83325354e+01 1.26276245e-02 9.99480254e-01 -2.96608383e-02 -1.08779534e+00 -8.46483250e-01 -5.10474209e-03 -5.32390914e-01 -1.47933433e+01
-5.35911791e-01 3.22494975e-02 8.43657802e-01 6.91283598e+01 1.16866229e-02 9.99457815e-01 -3.07814660e-02 -1.13977013e+00 -8.44193112e-01 -6.63663999e-03 -5.35998116e-01 -1.52930528e+01
-5.39088269e-01 3.16282532e-02 8.41655188e-01 6.99208535e+01 1.23525522e-02 9.99484092e-01 -2.96473316e-02 -1.18934351e+00 -8.42158707e-01 -5.58593914e-03 -5.39200840e-01 -1.57969616e+01
-5.41724068e-01 2.53801556e-02 8.40173105e-01 7.07930880e+01 1.35685452e-02 9.99677848e-01 -2.14498434e-02 -1.23842141e+00 -8.40446883e-01 -2.19970550e-04 -5.41893923e-01 -1.63576391e+01
-5.43779992e-01 1.66107711e-02 8.39063386e-01 7.15847545e+01 1.32791574e-02 9.99849236e-01 -1.11878737e-02 -1.28070019e+00 -8.39122767e-01 5.05831122e-03 -5.43918588e-01 -1.68666049e+01
-5.45617587e-01 1.22456343e-02 8.37944782e-01 7.24455953e+01 1.26943292e-02 9.99899282e-01 -6.34667056e-03 -1.31856326e+00 -8.37938146e-01 7.17428989e-03 -5.45718085e-01 -1.74213747e+01
-5.46644112e-01 1.94726635e-02 8.37138576e-01 7.32147808e+01 1.38758455e-02 9.99802954e-01 -1.41956021e-02 -1.35199847e+00 -8.37250088e-01 3.85606170e-03 -5.46806598e-01 -1.79213856e+01
-5.47640338e-01 2.52886211e-02 8.36331579e-01 7.39792495e+01 1.54561320e-02 9.99678357e-01 -2.01069719e-02 -1.38912822e+00 -8.36571098e-01 1.91506114e-03 -5.47855059e-01 -1.84235249e+01
-5.48087935e-01 3.00262375e-02 8.35881573e-01 7.48211458e+01 2.12866568e-02 9.99532490e-01 -2.19471889e-02 -1.43055801e+00 -8.36149824e-01 5.76413295e-03 -5.48470858e-01 -1.89806923e+01
-5.47841202e-01 3.04140070e-02 8.36029288e-01 7.55843464e+01 2.47906573e-02 9.99490265e-01 -2.01155286e-02 -1.47442888e+00 -8.36214970e-01 9.70559788e-03 -5.48315932e-01 -1.94849431e+01
-5.47328904e-01 2.77391052e-02 8.36457756e-01 7.63522687e+01 2.40315674e-02 9.99559362e-01 -1.74231407e-02 -1.51528736e+00 -8.36572525e-01 1.05652000e-02 -5.47754346e-01 -1.99838671e+01
-5.46569492e-01 2.32605910e-02 8.37090616e-01 7.71969658e+01 2.29861473e-02 9.99654232e-01 -1.27692640e-02 -1.55358696e+00 -8.37098239e-01 1.22621954e-02 -5.46915179e-01 -2.05309247e+01
-5.45818096e-01 1.68657255e-02 8.37733918e-01 7.79671156e+01 2.01911516e-02 9.99771824e-01 -6.97260757e-03 -1.58926760e+00 -8.37660407e-01 1.31090343e-02 -5.46034094e-01 -2.10248202e+01
-5.45290331e-01 9.85223906e-03 8.38189330e-01 7.88134770e+01 1.12685896e-02 9.99926728e-01 -4.42247529e-03 -1.62307413e+00 -8.38171527e-01 7.03367666e-03 -5.45361398e-01 -2.15547596e+01
-5.43897130e-01 5.79332877e-03 8.39131881e-01 7.95810889e+01 4.33543293e-03 9.99982222e-01 -4.09375805e-03 -1.64665115e+00 -8.39140721e-01 1.41141560e-03 -5.43912579e-01 -2.20341903e+01
-5.42007193e-01 5.40039904e-03 8.40356473e-01 8.03420137e+01 6.44207661e-03 9.99976670e-01 -2.27121214e-03 -1.67083459e+00 -8.40349175e-01 4.18262593e-03 -5.42029340e-01 -2.25227958e+01
-5.38647858e-01 8.11648529e-03 8.42491882e-01 8.11742651e+01 1.08396964e-02 9.99937596e-01 -2.70294199e-03 -1.69971994e+00 -8.42461288e-01 7.67642024e-03 -5.38702225e-01 -2.30580191e+01
-5.33807889e-01 1.24774629e-02 8.45513698e-01 8.19330342e+01 1.31731359e-02 9.99892499e-01 -6.43893236e-03 -1.72262012e+00 -8.45503188e-01 7.70091190e-03 -5.33914873e-01 -2.35367200e+01
-5.26393205e-01 1.50741401e-02 8.50107597e-01 8.26957484e+01 1.87188027e-02 9.99805948e-01 -6.13777909e-03 -1.74284777e+00 -8.50035197e-01 1.26821084e-02 -5.26573229e-01 -2.40133913e+01
-5.17748633e-01 1.68544680e-02 8.55366730e-01 8.35390039e+01 2.58160699e-02 9.99658419e-01 -4.07133515e-03 -1.76960244e+00 -8.55143216e-01 1.99742752e-02 -5.18006897e-01 -2.45313856e+01
-5.08308311e-01 1.72493607e-02 8.61002371e-01 8.43118675e+01 2.45296636e-02 9.99683718e-01 -5.54618899e-03 -1.78724315e+00 -8.60825762e-01 1.83009209e-02 -5.08570665e-01 -2.49824533e+01
-4.96782630e-01 1.49799013e-02 8.67745690e-01 8.51733428e+01 2.23137408e-02 9.99740962e-01 -4.48397547e-03 -1.80546661e+00 -8.67588124e-01 1.71350878e-02 -4.96988203e-01 -2.54638739e+01
-4.85617549e-01 1.15028782e-02 8.74095671e-01 8.59579024e+01 2.21027027e-02 9.99755321e-01 -8.77033373e-04 -1.82168005e+00 -8.73891930e-01 1.88939702e-02 -4.85752974e-01 -2.58960829e+01
-4.74816915e-01 1.00464737e-02 8.80027230e-01 8.67451471e+01 2.18026358e-02 9.99762233e-01 3.50179851e-04 -1.83852650e+00 -8.79814515e-01 1.93531806e-02 -4.74923060e-01 -2.63151040e+01
-4.62275433e-01 9.44479813e-03 8.86686066e-01 8.76162999e+01 2.26742859e-02 9.99742218e-01 1.17222387e-03 -1.85124151e+00 -8.86446467e-01 2.06468596e-02 -4.62370423e-01 -2.67629044e+01
-4.50672509e-01 1.05750328e-02 8.92626695e-01 8.84089974e+01 2.49476353e-02 9.99688476e-01 7.52237648e-04 -1.86796197e+00 -8.92340711e-01 2.26079336e-02 -4.50795938e-01 -2.71622494e+01
-4.38921366e-01 1.26187087e-02 8.98436844e-01 8.92042310e+01 2.40592758e-02 9.99707917e-01 -2.28719540e-03 -1.89193221e+00 -8.98203332e-01 2.06118367e-02 -4.39096763e-01 -2.75454433e+01
-4.26402108e-01 2.39619054e-02 9.04216251e-01 9.00747070e+01 2.78415947e-02 9.99523087e-01 -1.33582784e-02 -1.91721336e+00 -9.04105153e-01 1.94788202e-02 -4.26865890e-01 -2.79554669e+01
-4.14167389e-01 2.92552169e-02 9.09730435e-01 9.08734688e+01 2.82169940e-02 9.99415617e-01 -1.92931570e-02 -1.94225061e+00 -9.09763275e-01 1.76792579e-02 -4.14750853e-01 -2.83187827e+01
-4.01793473e-01 2.49798844e-02 9.15389517e-01 9.17663883e+01 2.63165621e-02 9.99529974e-01 -1.57248138e-02 -1.97798213e+00 -9.15352110e-01 1.77717737e-02 -4.02262006e-01 -2.87029111e+01
-3.90290602e-01 2.12246617e-02 9.20447020e-01 9.25804669e+01 2.51212008e-02 9.99607530e-01 -1.23980757e-02 -2.01081165e+00 -9.20348963e-01 1.82838780e-02 -3.90670615e-01 -2.90432616e+01
-3.80601785e-01 2.18474756e-02 9.24480895e-01 9.33910385e+01 2.23130142e-02 9.99646779e-01 -1.44377179e-02 -2.04407691e+00 -9.24469823e-01 1.51329305e-02 -3.80954833e-01 -2.93703364e+01
-3.72967344e-01 2.58307750e-02 9.27484818e-01 9.42823760e+01 1.78322776e-02 9.99627329e-01 -2.06691261e-02 -2.08224219e+00 -9.27673117e-01 8.83025496e-03 -3.73288973e-01 -2.97169174e+01
-3.68165741e-01 3.11549698e-02 9.29238027e-01 9.50926471e+01 1.23171209e-02 9.99514157e-01 -2.86310940e-02 -2.11850188e+00 -9.29678610e-01 9.04547589e-04 -3.68370611e-01 -3.00245590e+01
-3.64777816e-01 3.30348352e-02 9.30508356e-01 9.59058655e+01 9.54540321e-03 9.99450564e-01 -3.17404387e-02 -2.15997716e+00 -9.31045688e-01 -2.69613149e-03 -3.64892726e-01 -3.03337113e+01
-3.60830305e-01 3.26578567e-02 9.32059500e-01 9.68025297e+01 7.41859620e-03 9.99455608e-01 -3.21473401e-02 -2.20948275e+00 -9.32602004e-01 -4.68516223e-03 -3.60876149e-01 -3.06718111e+01
-3.56139990e-01 3.30416107e-02 9.33848229e-01 9.76168207e+01 7.86482756e-03 9.99445230e-01 -3.23631933e-02 -2.25239522e+00 -9.34399537e-01 -4.18127290e-03 -3.56202282e-01 -3.09774057e+01
-3.50156749e-01 2.95935304e-02 9.36223493e-01 9.85182150e+01 5.71706602e-03 9.99549699e-01 -2.94570099e-02 -2.30135415e+00 -9.36673694e-01 -4.96212007e-03 -3.50168263e-01 -3.13066074e+01
-3.45077257e-01 2.51218126e-02 9.38237996e-01 9.93403442e+01 4.68843122e-03 9.99675394e-01 -2.50424688e-02 -2.34676504e+00 -9.38562597e-01 -4.24272301e-03 -3.45083027e-01 -3.16002468e+01
-3.39513975e-01 2.25537790e-02 9.40330550e-01 1.00161340e+02 4.06433328e-03 9.99738329e-01 -2.25112200e-02 -2.39139655e+00 -9.40592252e-01 -3.82105799e-03 -3.39516802e-01 -3.18875407e+01
-3.33448047e-01 2.06315165e-02 9.42542676e-01 1.01066156e+02 -4.04628245e-03 9.99719990e-01 -2.33145651e-02 -2.43676433e+00 -9.42759816e-01 -1.15879899e-02 -3.33271199e-01 -3.21856177e+01
-3.27612788e-01 2.09438098e-02 9.44579892e-01 1.01888104e+02 -1.17996995e-02 9.99585609e-01 -2.62559805e-02 -2.47796468e+00 -9.44738415e-01 -1.97475526e-02 -3.27229899e-01 -3.24487969e+01
-3.21104759e-01 2.37526985e-02 9.46745741e-01 1.02706467e+02 -1.09040614e-02 9.99526432e-01 -2.87752067e-02 -2.52118193e+00 -9.46980929e-01 -1.95632283e-02 -3.20693695e-01 -3.27164395e+01
-3.13513929e-01 2.79100956e-02 9.49173323e-01 1.03605839e+02 -7.90480297e-03 9.99456621e-01 -3.19996400e-02 -2.56713415e+00 -9.49550723e-01 -1.75353600e-02 -3.13122949e-01 -3.30095200e+01
-3.07133154e-01 2.64712116e-02 9.51298300e-01 1.04431747e+02 -8.73126826e-03 9.99492617e-01 -3.06312449e-02 -2.60860885e+00 -9.51626521e-01 -1.77139105e-02 -3.06746194e-01 -3.32654154e+01
-2.99868511e-01 2.10583281e-02 9.53748068e-01 1.05344309e+02 -9.68403261e-03 9.99637629e-01 -2.51163199e-02 -2.65766960e+00 -9.53931413e-01 -1.67677200e-02 -2.99555919e-01 -3.35451136e+01
-2.93039323e-01 1.80056169e-02 9.55930806e-01 1.06177164e+02 -1.09671299e-02 9.99693574e-01 -2.21918858e-02 -2.70288844e+00 -9.56037511e-01 -1.69869117e-02 -2.92752060e-01 -3.37919028e+01
-2.86809322e-01 2.10114215e-02 9.57757217e-01 1.07003970e+02 -1.25122813e-02 9.99592006e-01 -2.56761268e-02 -2.74257425e+00 -9.57905998e-01 -1.93478790e-02 -2.86429406e-01 -3.40308680e+01
-2.80121121e-01 2.38269223e-02 9.59668895e-01 1.07916821e+02 -1.25842377e-02 9.99514875e-01 -2.84894951e-02 -2.79013543e+00 -9.59882201e-01 -2.00572095e-02 -2.79685385e-01 -3.42858700e+01
-2.73637715e-01 2.54780348e-02 9.61495306e-01 1.08748071e+02 -1.37827822e-02 9.99442596e-01 -3.04061087e-02 -2.83401996e+00 -9.61734101e-01 -2.15723370e-02 -2.73134032e-01 -3.45127228e+01
-2.66344372e-01 2.40082647e-02 9.63578866e-01 1.09667711e+02 -1.44336996e-02 9.99478313e-01 -2.88923758e-02 -2.88358787e+00 -9.63769884e-01 -2.16033281e-02 -2.65858897e-01 -3.47558426e+01
-2.58664479e-01 2.41792562e-02 9.65664540e-01 1.10502898e+02 -1.12311522e-02 9.99543819e-01 -2.80359622e-02 -2.92765852e+00 -9.65901959e-01 -1.80974320e-02 -2.58274922e-01 -3.49769073e+01
-2.51088930e-01 2.49707128e-02 9.67641858e-01 1.11338323e+02 -7.66069473e-03 9.99584627e-01 -2.77828666e-02 -2.97116425e+00 -9.67933732e-01 -1.43887787e-02 -2.50793343e-01 -3.51941868e+01
-2.44006940e-01 2.53510204e-02 9.69442052e-01 1.12259486e+02 -6.13925666e-03 9.99597849e-01 -2.76848473e-02 -3.01814334e+00 -9.69754077e-01 -1.27069483e-02 -2.43753177e-01 -3.54202831e+01
-2.37639865e-01 2.45462476e-02 9.71043114e-01 1.13100062e+02 -1.16520399e-02 9.99536694e-01 -2.81180848e-02 -3.06130891e+00 -9.71283466e-01 -1.79966102e-02 -2.37243753e-01 -3.56115858e+01
-2.31993848e-01 2.28750749e-02 9.72448218e-01 1.13943435e+02 -1.56634230e-02 9.99505971e-01 -2.72483400e-02 -3.10357434e+00 -9.72591157e-01 -2.15533136e-02 -2.31520936e-01 -3.57975908e+01
-2.26927138e-01 2.23903327e-02 9.73654302e-01 1.14867910e+02 -1.34539269e-02 9.99568225e-01 -2.61219348e-02 -3.14970674e+00 -9.73818830e-01 -1.90272487e-02 -2.26527920e-01 -3.60079966e+01
-2.22329836e-01 2.24516852e-02 9.74712941e-01 1.15709049e+02 -1.19232876e-02 9.99597445e-01 -2.57445619e-02 -3.19184126e+00 -9.74898624e-01 -1.73455662e-02 -2.21972640e-01 -3.61957582e+01
-2.17359963e-01 2.49063608e-02 9.75773678e-01 1.16632491e+02 -1.09309175e-02 9.99549606e-01 -2.79481768e-02 -3.23975783e+00 -9.76030332e-01 -1.67409155e-02 -2.16989818e-01 -3.63968551e+01
-2.11701587e-01 2.33977604e-02 9.77054213e-01 1.17476334e+02 -5.41147613e-03 9.99670000e-01 -2.51118771e-02 -3.27808288e+00 -9.77319396e-01 -1.06035300e-02 -2.11505111e-01 -3.65832172e+01
-2.06517502e-01 2.22406648e-02 9.78190077e-01 1.18319385e+02 1.62644673e-03 9.99748047e-01 -2.23874480e-02 -3.31576573e+00 -9.78441579e-01 -3.03242710e-03 -2.06501644e-01 -3.67692570e+01
-2.01254624e-01 2.10882549e-02 9.79311908e-01 1.19246904e+02 4.15888220e-03 9.99777614e-01 -2.06742904e-02 -3.36176936e+00 -9.79530157e-01 -8.79554007e-05 -2.01297572e-01 -3.69602683e+01
-1.97189851e-01 2.31144720e-02 9.80092769e-01 1.20087415e+02 2.77834156e-03 9.99731175e-01 -2.30186430e-02 -3.39945071e+00 -9.80361408e-01 -1.81601182e-03 -1.97201063e-01 -3.71232560e+01
-1.93610910e-01 2.50343780e-02 9.80758914e-01 1.20926970e+02 1.54734532e-03 9.99680932e-01 -2.52119205e-02 -3.43527388e+00 -9.81077198e-01 -3.36373146e-03 -1.93587874e-01 -3.72838280e+01
-1.91647013e-01 2.39205881e-02 9.81172349e-01 1.21852593e+02 -1.28564360e-03 9.99695974e-01 -2.46233127e-02 -3.48063988e+00 -9.81463100e-01 -5.98042319e-03 -1.91557995e-01 -3.74565785e+01
-1.90801755e-01 2.26444946e-02 9.81367346e-01 1.22694173e+02 -1.88540976e-03 9.99723593e-01 -2.34346323e-02 -3.51927952e+00 -9.81626804e-01 -6.32164942e-03 -1.90706324e-01 -3.76144812e+01
-1.89560633e-01 1.91314915e-02 9.81682588e-01 1.23620230e+02 1.24445180e-04 9.99810614e-01 -1.94607566e-02 -3.55849836e+00 -9.81869034e-01 -3.56682892e-03 -1.89527115e-01 -3.77946848e+01
-1.88510218e-01 1.35038693e-02 9.81978358e-01 1.24462091e+02 -8.06072305e-04 9.99902994e-01 -1.39051119e-02 -3.59469545e+00 -9.82070922e-01 -3.41280250e-03 -1.88481048e-01 -3.79554200e+01
-1.87763450e-01 1.04112574e-02 9.82159073e-01 1.25299308e+02 -1.27303053e-03 9.99940401e-01 -1.08431231e-02 -3.62844354e+00 -9.82213477e-01 -3.28626198e-03 -1.87739007e-01 -3.81145232e+01
-1.86273015e-01 1.59313809e-02 9.82368824e-01 1.26208186e+02 -7.51467781e-04 9.99865923e-01 -1.63576344e-02 -3.66362354e+00 -9.82497759e-01 -3.78520563e-03 -1.86236069e-01 -3.82886645e+01
-1.86201190e-01 2.01279784e-02 9.82305417e-01 1.27032307e+02 -4.91855139e-04 9.99788100e-01 -2.05794497e-02 -3.69580554e+00 -9.82511538e-01 -4.31507114e-03 -1.86151835e-01 -3.84463142e+01
-1.86404433e-01 1.90500896e-02 9.82288365e-01 1.27859425e+02 -3.40394671e-03 9.99793474e-01 -2.00355355e-02 -3.72814245e+00 -9.82467225e-01 -7.07837065e-03 -1.86301092e-01 -3.86000624e+01
-1.85731300e-01 1.85558538e-02 9.82425323e-01 1.28766428e+02 -4.99245010e-03 9.99790947e-01 -1.98277017e-02 -3.77202958e+00 -9.82587913e-01 -8.58733477e-03 -1.85599835e-01 -3.87690025e+01
-1.85338650e-01 1.77206146e-02 9.82514894e-01 1.29588479e+02 -2.32938792e-03 9.99826660e-01 -1.84722653e-02 -3.81007417e+00 -9.82671973e-01 -5.71228400e-03 -1.85265247e-01 -3.89284117e+01
-1.84240956e-01 2.10522745e-02 9.82655598e-01 1.30485506e+02 -2.38805598e-03 9.99758049e-01 -2.18664264e-02 -3.84713287e+00 -9.82878230e-01 -6.37532875e-03 -1.84146106e-01 -3.90978859e+01
-1.84540497e-01 2.26473877e-02 9.82563918e-01 1.31300351e+02 -1.02825188e-02 9.99635266e-01 -2.49720919e-02 -3.88851953e+00 -9.82771145e-01 -1.47115939e-02 -1.84240318e-01 -3.92319709e+01
-1.84393325e-01 2.32518138e-02 9.82577430e-01 1.32110871e+02 -1.70077450e-02 9.99494944e-01 -2.68438824e-02 -3.92916978e+00 -9.82705391e-01 -2.16612578e-02 -1.83904737e-01 -3.93672484e+01
-1.83856904e-01 2.73094710e-02 9.82573551e-01 1.32995619e+02 -1.45088133e-02 9.99429678e-01 -3.04928316e-02 -3.97396502e+00 -9.82845960e-01 -1.98622928e-02 -1.83355820e-01 -3.95263816e+01
-1.83513333e-01 2.76227348e-02 9.82629021e-01 1.33795382e+02 -1.29637119e-02 9.99450186e-01 -3.05166745e-02 -4.01660245e+00 -9.82931761e-01 -1.83387354e-02 -1.83054344e-01 -3.96723473e+01
-1.81688584e-01 2.93710750e-02 9.82917367e-01 1.34668743e+02 -1.32764980e-02 9.99389474e-01 -3.23174065e-02 -4.06362536e+00 -9.83266516e-01 -1.89214034e-02 -1.81187715e-01 -3.98283430e+01
-1.79900403e-01 2.84318951e-02 9.83273829e-01 1.35464183e+02 -6.17684840e-03 9.99529850e-01 -3.00320758e-02 -4.10416966e+00 -9.83665461e-01 -1.14763161e-02 -1.79640205e-01 -3.99777759e+01
-1.76391184e-01 2.60327528e-02 9.83975811e-01 1.36253402e+02 -1.44270271e-04 9.99649510e-01 -2.64732982e-02 -4.14423676e+00 -9.84320160e-01 -4.81161598e-03 -1.76325607e-01 -4.01254067e+01
-1.74223187e-01 2.00119299e-02 9.84502796e-01 1.37124915e+02 3.85407071e-03 9.99799672e-01 -1.96408381e-02 -4.18811757e+00 -9.84698672e-01 3.72452121e-04 -1.74265414e-01 -4.02813869e+01
-1.70749677e-01 1.98167266e-02 9.85115118e-01 1.37907357e+02 4.96939822e-03 9.99802336e-01 -1.92508405e-02 -4.22455343e+00 -9.85301934e-01 1.60835247e-03 -1.70814405e-01 -4.04135472e+01
-1.65760817e-01 2.44956444e-02 9.85861687e-01 1.38683293e+02 7.05404119e-03 9.99695334e-01 -2.36533241e-02 -4.26357579e+00 -9.86140781e-01 3.03351236e-03 -1.65883111e-01 -4.05425083e+01
-1.59122587e-01 2.74566506e-02 9.86876935e-01 1.39533405e+02 7.56984685e-03 9.99617746e-01 -2.65905802e-02 -4.30299957e+00 -9.87229835e-01 3.23934305e-03 -1.59269606e-01 -4.06748892e+01
-1.50998740e-01 2.98369418e-02 9.88083543e-01 1.40302704e+02 8.50408463e-03 9.99546609e-01 -2.88835059e-02 -4.33526473e+00 -9.88497400e-01 4.04137064e-03 -1.51184016e-01 -4.07865766e+01
-1.41840796e-01 2.47890378e-02 9.89579023e-01 1.41077907e+02 9.36023761e-03 9.99675288e-01 -2.37003136e-02 -4.37436436e+00 -9.89845252e-01 5.90102076e-03 -1.42026771e-01 -4.08893092e+01
-1.29223789e-01 2.26830732e-02 9.91355961e-01 1.41924541e+02 1.33476370e-02 9.99687552e-01 -2.11338433e-02 -4.41813268e+00 -9.91525644e-01 1.05012608e-02 -1.29486180e-01 -4.09952936e+01
-1.15892720e-01 2.55896827e-02 9.92932020e-01 1.42689047e+02 1.81561413e-02 9.99555624e-01 -2.36412508e-02 -4.45392160e+00 -9.93095807e-01 1.52879612e-02 -1.16305831e-01 -4.10837424e+01
-1.00743706e-01 2.67558077e-02 9.94552554e-01 1.43526972e+02 1.79191916e-02 9.99524975e-01 -2.50744523e-02 -4.49150236e+00 -9.94751053e-01 1.52954804e-02 -1.01175294e-01 -4.11620460e+01
-8.72975185e-02 2.66878613e-02 9.95824709e-01 1.44287536e+02 1.96534275e-02 9.99492659e-01 -2.50632808e-02 -4.52627405e+00 -9.95988421e-01 1.73834021e-02 -8.77777384e-02 -4.12237057e+01
-7.40168215e-02 2.85287226e-02 9.96848821e-01 1.45038306e+02 2.09428616e-02 9.99414753e-01 -2.70471412e-02 -4.56440243e+00 -9.97037089e-01 1.88749189e-02 -7.45709781e-02 -4.12769397e+01
-5.95151509e-02 3.42302927e-02 9.97640308e-01 1.45857904e+02 1.79777055e-02 9.99286552e-01 -3.32143102e-02 -4.61203902e+00 -9.98065528e-01 1.59585247e-02 -6.00880736e-02 -4.13203972e+01
-4.72051897e-02 4.36414659e-02 9.97931382e-01 1.46592395e+02 1.18674362e-02 9.98999121e-01 -4.31268050e-02 -4.65572149e+00 -9.98814739e-01 9.80707454e-03 -4.76758570e-02 -4.13412412e+01
-3.40297562e-02 5.18602909e-02 9.98074364e-01 1.47325462e+02 7.79084740e-03 9.98636210e-01 -5.16238642e-02 -4.70066851e+00 -9.99390478e-01 6.01909467e-03 -3.43873840e-02 -4.13557147e+01
-1.96560402e-02 5.36065674e-02 9.98368632e-01 1.48136671e+02 7.04361512e-03 9.98544222e-01 -5.34773317e-02 -4.75405008e+00 -9.99782015e-01 5.98096892e-03 -2.00050110e-02 -4.13643486e+01
-8.19803345e-03 4.95741408e-02 9.98736775e-01 1.48878341e+02 3.57709073e-03 9.98765427e-01 -4.95462121e-02 -4.80691668e+00 -9.99960022e-01 3.16638805e-03 -8.36524520e-03 -4.13589966e+01
3.18907885e-03 4.63699765e-02 9.98919218e-01 1.49684015e+02 -1.08338559e-03 9.98923897e-01 -4.63667457e-02 -4.86654956e+00 -9.99994353e-01 -9.34349410e-04 3.23588201e-03 -4.13379665e+01
1.21192554e-02 5.22500296e-02 9.98560468e-01 1.50403246e+02 -4.54908879e-03 9.98626380e-01 -5.21982791e-02 -4.92076426e+00 -9.99916236e-01 -3.90993747e-03 1.23402965e-02 -4.13116313e+01
1.88525381e-02 6.06355292e-02 9.97981896e-01 1.51118289e+02 -7.00604704e-03 9.98142824e-01 -6.05129708e-02 -4.97149242e+00 -9.99797753e-01 -5.85108627e-03 1.92423393e-02 -4.12823315e+01
2.23742415e-02 6.42737344e-02 9.97681427e-01 1.51907736e+02 -1.07318709e-02 9.97889212e-01 -6.40464583e-02 -5.02535029e+00 -9.99692088e-01 -9.27399814e-03 2.30167900e-02 -4.12446293e+01
2.24073046e-02 6.09418108e-02 9.97889752e-01 1.52635209e+02 -1.25362343e-02 9.98079038e-01 -6.06718862e-02 -5.08227486e+00 -9.99670348e-01 -1.11502868e-02 2.31282402e-02 -4.12170323e+01
2.05195725e-02 5.48391535e-02 9.98284310e-01 1.53433768e+02 -1.51471960e-02 9.98397018e-01 -5.45340088e-02 -5.15044354e+00 -9.99674727e-01 -1.40021936e-02 2.13173377e-02 -4.11889417e+01
1.77355844e-02 5.21435182e-02 9.98482074e-01 1.54158514e+02 -1.36525677e-02 9.98558699e-01 -5.19050271e-02 -5.20285664e+00 -9.99749522e-01 -1.27112783e-02 1.84219134e-02 -4.11659302e+01
1.51209177e-02 5.25350376e-02 9.98504570e-01 1.54878915e+02 -1.11373371e-02 9.98565664e-01 -5.23696046e-02 -5.25011224e+00 -9.99823668e-01 -1.03288061e-02 1.56843281e-02 -4.11454623e+01
1.13090230e-02 5.27937496e-02 9.98541374e-01 1.55667469e+02 -9.83297148e-03 9.98562847e-01 -5.26835328e-02 -5.30872343e+00 -9.99887728e-01 -9.22283032e-03 1.18118881e-02 -4.11300571e+01
6.64113810e-03 5.04266509e-02 9.98705661e-01 1.56390370e+02 -1.10266957e-02 9.98670682e-01 -5.03515715e-02 -5.36362225e+00 -9.99917175e-01 -1.06780322e-02 7.18834764e-03 -4.11115050e+01
1.11656666e-03 5.15902378e-02 9.98667688e-01 1.57180457e+02 -1.08947826e-02 9.98609692e-01 -5.15750724e-02 -5.41733283e+00 -9.99940052e-01 -1.08226808e-02 1.67707710e-03 -4.11015797e+01
-4.64059385e-03 4.96529351e-02 9.98755726e-01 1.57899570e+02 -1.21091685e-02 9.98690485e-01 -4.97059667e-02 -5.46936943e+00 -9.99915938e-01 -1.23247669e-02 -4.03326278e-03 -4.10947012e+01
